0
0 0
2 2 6
10 10 10 0
10 10 10 5 0
10 10 10 5 2 0
10 10 10 3 6 8 0
10 10 10 0 5 5 3 0
10 10 10 0 5 5 3 0 0
2 2 6 10 10 10 10 10 10 6
10 10 10 0 5 5 3 0 0 10 0
10 10 10 3 5 5 7 3 3 10 3 0
10 10 10 0 5 5 3 0 0 10 0 3 0
0 0 2 10 10 10 10 10 10 2 10 10 10 0
10 10 10 0 5 5 3 0 0 10 0 3 0 10 0
10 10 10 5 2 0 8 5 5 10 5 5 5 10 5 0
10 10 10 5 0 2 6 5 5 10 5 5 5 10 5 2 0
0 0 2 10 10 10 10 10 10 2 10 10 10 0 10 10 10 0
10 10 10 0 5 5 3 0 0 10 0 3 0 10 0 5 5 10 0
10 10 10 5 3 1 8 5 5 10 5 5 5 10 5 1 3 10 5 0
10 10 10 0 5 5 3 0 0 10 0 3 0 10 0 5 5 10 0 5 0
10 10 10 5 2 0 8 5 5 10 5 5 5 10 5 0 2 10 5 1 5 0
10 10 10 0 5 5 3 0 0 10 0 3 0 10 0 5 5 10 0 5 0 5 0
10 10 10 5 2 0 8 5 5 10 5 5 5 10 5 0 2 10 5 1 5 0 5 0
10 10 10 3 5 5 7 3 3 10 3 0 3 10 3 5 5 10 3 5 3 5 3 5 0
10 10 10 0 5 5 3 0 0 10 0 3 0 10 0 5 5 10 0 5 0 5 0 5 3 0
10 10 10 5 2 0 8 5 5 10 5 5 5 10 5 0 2 10 5 1 5 0 5 0 5 5 0
2 2 6 10 10 10 10 10 10 6 10 10 10 2 10 10 10 2 10 10 10 10 10 10 10 10 10 6
0 0 2 10 10 10 10 10 10 2 10 10 10 0 10 10 10 0 10 10 10 10 10 10 10 10 10 2 0
2 2 6 10 10 10 10 10 10 6 10 10 10 2 10 10 10 2 10 10 10 10 10 10 10 10 10 6 2 6
2 2 6 10 10 10 10 10 10 6 10 10 10 2 10 10 10 2 10 10 10 10 10 10 10 10 10 6 2 6 6
10 10 10 0 5 5 3 0 0 10 0 3 0 10 0 5 5 10 0 5 0 5 0 5 3 0 5 10 10 10 10 0
10 10 10 5 2 0 8 5 5 10 5 5 5 10 5 0 2 10 5 1 5 0 5 0 5 5 0 10 10 10 10 5 0
10 10 10 5 3 1 8 5 5 10 5 5 5 10 5 1 3 10 5 0 5 1 5 1 5 5 1 10 10 10 10 5 1 0
10 10 10 3 6 8 0 3 3 10 3 7 3 10 3 8 6 10 3 8 3 8 3 8 7 3 8 10 10 10 10 3 8 8 0
10 10 10 5 0 2 6 5 5 10 5 5 5 10 5 2 0 10 5 3 5 2 5 2 5 5 2 10 10 10 10 5 2 3 6 0
0 0 2 10 10 10 10 10 10 2 10 10 10 0 10 10 10 0 10 10 10 10 10 10 10 10 10 2 0 2 2 10 10 10 10 10 0
10 10 10 0 5 5 3 0 0 10 0 3 0 10 0 5 5 10 0 5 0 5 0 5 3 0 5 10 10 10 10 0 5 5 3 5 10 0
10 10 10 5 3 1 8 5 5 10 5 5 5 10 5 1 3 10 5 0 5 1 5 1 5 5 1 10 10 10 10 5 1 0 8 3 10 5 0
10 10 10 0 5 5 3 0 0 10 0 3 0 10 0 5 5 10 0 5 0 5 0 5 3 0 5 10 10 10 10 0 5 5 3 5 10 0 5 0
10 10 10 5 2 0 8 5 5 10 5 5 5 10 5 0 2 10 5 1 5 0 5 0 5 5 0 10 10 10 10 5 0 1 8 2 10 5 1 5 0
10 10 10 0 5 5 3 0 0 10 0 3 0 10 0 5 5 10 0 5 0 5 0 5 3 0 5 10 10 10 10 0 5 5 3 5 10 0 5 0 5 0
10 10 10 5 2 0 8 5 5 10 5 5 5 10 5 0 2 10 5 1 5 0 5 0 5 5 0 10 10 10 10 5 0 1 8 2 10 5 1 5 0 5 0
10 10 10 0 5 5 3 0 0 10 0 3 0 10 0 5 5 10 0 5 0 5 0 5 3 0 5 10 10 10 10 0 5 5 3 5 10 0 5 0 5 0 5 0
10 10 10 0 5 5 3 0 0 10 0 3 0 10 0 5 5 10 0 5 0 5 0 5 3 0 5 10 10 10 10 0 5 5 3 5 10 0 5 0 5 0 5 0 0
2 2 6 10 10 10 10 10 10 6 10 10 10 2 10 10 10 2 10 10 10 10 10 10 10 10 10 6 2 6 6 10 10 10 10 10 2 10 10 10 10 10 10 10 10 6
10 10 10 0 5 5 3 0 0 10 0 3 0 10 0 5 5 10 0 5 0 5 0 5 3 0 5 10 10 10 10 0 5 5 3 5 10 0 5 0 5 0 5 0 0 10 0
10 10 10 5 2 0 8 5 5 10 5 5 5 10 5 0 2 10 5 1 5 0 5 0 5 5 0 10 10 10 10 5 0 1 8 2 10 5 1 5 0 5 0 5 5 10 5 0
10 10 10 5 3 1 8 5 5 10 5 5 5 10 5 1 3 10 5 0 5 1 5 1 5 5 1 10 10 10 10 5 1 0 8 3 10 5 0 5 1 5 1 5 5 10 5 1 0
10 10 10 8 7 7 9 8 8 10 8 8 8 10 8 7 7 10 8 7 8 7 8 7 8 8 7 10 10 10 10 8 7 7 9 7 10 8 7 8 7 8 7 8 8 10 8 7 7 0
10 10 10 3 6 8 0 3 3 10 3 7 3 10 3 8 6 10 3 8 3 8 3 8 7 3 8 10 10 10 10 3 8 8 0 6 10 3 8 3 8 3 8 3 3 10 3 8 8 9 0
0 0 2 10 10 10 10 10 10 2 10 10 10 0 10 10 10 0 10 10 10 10 10 10 10 10 10 2 0 2 2 10 10 10 10 10 0 10 10 10 10 10 10 10 10 2 10 10 10 10 10 0
10 10 10 0 5 5 3 0 0 10 0 3 0 10 0 5 5 10 0 5 0 5 0 5 3 0 5 10 10 10 10 0 5 5 3 5 10 0 5 0 5 0 5 0 0 10 0 5 5 8 3 10 0
10 10 10 5 3 1 8 5 5 10 5 5 5 10 5 1 3 10 5 0 5 1 5 1 5 5 1 10 10 10 10 5 1 0 8 3 10 5 0 5 1 5 1 5 5 10 5 1 0 7 8 10 5 0
0 0 2 10 10 10 10 10 10 2 10 10 10 0 10 10 10 0 10 10 10 10 10 10 10 10 10 2 0 2 2 10 10 10 10 10 0 10 10 10 10 10 10 10 10 2 10 10 10 10 10 0 10 10 0
0 0 2 10 10 10 10 10 10 2 10 10 10 0 10 10 10 0 10 10 10 10 10 10 10 10 10 2 0 2 2 10 10 10 10 10 0 10 10 10 10 10 10 10 10 2 10 10 10 10 10 0 10 10 0 0
10 10 10 0 5 5 3 0 0 10 0 3 0 10 0 5 5 10 0 5 0 5 0 5 3 0 5 10 10 10 10 0 5 5 3 5 10 0 5 0 5 0 5 0 0 10 0 5 5 8 3 10 0 5 10 10 0
10 10 10 5 2 0 8 5 5 10 5 5 5 10 5 0 2 10 5 1 5 0 5 0 5 5 0 10 10 10 10 5 0 1 8 2 10 5 1 5 0 5 0 5 5 10 5 0 1 7 8 10 5 1 10 10 5 0
0 0 2 10 10 10 10 10 10 2 10 10 10 0 10 10 10 0 10 10 10 10 10 10 10 10 10 2 0 2 2 10 10 10 10 10 0 10 10 10 10 10 10 10 10 2 10 10 10 10 10 0 10 10 0 0 10 10 0
10 10 10 8 7 7 9 8 8 10 8 8 8 10 8 7 7 10 8 7 8 7 8 7 8 8 7 10 10 10 10 8 7 7 9 7 10 8 7 8 7 8 7 8 8 10 8 7 7 0 9 10 8 7 10 10 8 7 10 0
10 10 10 3 6 8 0 3 3 10 3 7 3 10 3 8 6 10 3 8 3 8 3 8 7 3 8 10 10 10 10 3 8 8 0 6 10 3 8 3 8 3 8 3 3 10 3 8 8 9 0 10 3 8 10 10 3 8 10 9 0
0 0 2 10 10 10 10 10 10 2 10 10 10 0 10 10 10 0 10 10 10 10 10 10 10 10 10 2 0 2 2 10 10 10 10 10 0 10 10 10 10 10 10 10 10 2 10 10 10 10 10 0 10 10 0 0 10 10 0 10 10 0
2 2 6 10 10 10 10 10 10 6 10 10 10 2 10 10 10 2 10 10 10 10 10 10 10 10 10 6 2 6 6 10 10 10 10 10 2 10 10 10 10 10 10 10 10 6 10 10 10 10 10 2 10 10 2 2 10 10 2 10 10 2 6
0 0 2 10 10 10 10 10 10 2 10 10 10 0 10 10 10 0 10 10 10 10 10 10 10 10 10 2 0 2 2 10 10 10 10 10 0 10 10 10 10 10 10 10 10 2 10 10 10 10 10 0 10 10 0 0 10 10 0 10 10 0 2 0
10 10 10 0 5 5 3 0 0 10 0 3 0 10 0 5 5 10 0 5 0 5 0 5 3 0 5 10 10 10 10 0 5 5 3 5 10 0 5 0 5 0 5 0 0 10 0 5 5 8 3 10 0 5 10 10 0 5 10 8 3 10 10 10 0
10 10 10 5 2 0 8 5 5 10 5 5 5 10 5 0 2 10 5 1 5 0 5 0 5 5 0 10 10 10 10 5 0 1 8 2 10 5 1 5 0 5 0 5 5 10 5 0 1 7 8 10 5 1 10 10 5 0 10 7 8 10 10 10 5 0
0 0 2 10 10 10 10 10 10 2 10 10 10 0 10 10 10 0 10 10 10 10 10 10 10 10 10 2 0 2 2 10 10 10 10 10 0 10 10 10 10 10 10 10 10 2 10 10 10 10 10 0 10 10 0 0 10 10 0 10 10 0 2 0 10 10 0
10 10 10 0 5 5 3 0 0 10 0 3 0 10 0 5 5 10 0 5 0 5 0 5 3 0 5 10 10 10 10 0 5 5 3 5 10 0 5 0 5 0 5 0 0 10 0 5 5 8 3 10 0 5 10 10 0 5 10 8 3 10 10 10 0 5 10 0
10 10 10 5 3 1 8 5 5 10 5 5 5 10 5 1 3 10 5 0 5 1 5 1 5 5 1 10 10 10 10 5 1 0 8 3 10 5 0 5 1 5 1 5 5 10 5 1 0 7 8 10 5 0 10 10 5 1 10 7 8 10 10 10 5 1 10 5 0
10 10 10 8 7 7 9 8 8 10 8 8 8 10 8 7 7 10 8 7 8 7 8 7 8 8 7 10 10 10 10 8 7 7 9 7 10 8 7 8 7 8 7 8 8 10 8 7 7 0 9 10 8 7 10 10 8 7 10 0 9 10 10 10 8 7 10 8 7 0
10 10 10 3 6 8 0 3 3 10 3 7 3 10 3 8 6 10 3 8 3 8 3 8 7 3 8 10 10 10 10 3 8 8 0 6 10 3 8 3 8 3 8 3 3 10 3 8 8 9 0 10 3 8 10 10 3 8 10 9 0 10 10 10 3 8 10 3 8 9 0
10 10 10 6 6 6 1 6 6 10 6 7 6 10 6 6 6 10 6 6 6 6 6 6 7 6 6 10 10 10 10 6 6 6 1 6 10 6 6 6 6 6 6 6 6 10 6 6 6 9 1 10 6 6 10 10 6 6 10 9 1 10 10 10 6 6 10 6 6 9 1 0
