1.6599999999999966 
5.077203954934244 4.088324840322742 
6.519148717432358 6.01592054468807 2.445178930058085 
8.83386665056701 9.196608070370294 6.964883344320987 4.800260409602788 
5.530226035163483 5.75960068060278 3.9960230229566918 2.708228203087761 3.4422376443238196 
4.104436623947311 4.759873947910805 4.496087187766704 4.124184767926862 4.765081321446678 1.8115739013355214 
0.7543208866258478 1.988818744883513 4.734405981746813 5.955039882318172 8.08600024734108 4.805996254680189 3.3504925011108417 
1.291239714383043 2.944910864525442 6.14733275494339 7.291652761891499 8.93109735698811 5.853110284284757 4.185510721524912 1.413541651314164 
3.1522690240523623 4.404406884019691 8.223016478154472 9.597817460235426 11.21457979596204 8.215071515209106 6.513555096872982 3.6429932747673286 2.3685649663878787 
1.281405478371309 2.940612181162281 6.008260979684545 7.1006830657338815 8.70112636386807 5.629369414064064 3.9564125164092765 1.2794530081249462 0.23000000000000043 2.5880494585691394 
5.0756871455991055 5.179285665031426 3.368590209568386 2.384386713601633 4.060369441319346 0.6648308055437824 1.7740913167027172 4.376345507383987 5.518378384996806 7.886811776630656 5.301339453383452 
3.115204648173216 3.984934127435483 4.64009698174509 4.797707786016145 5.821039426081909 2.806153951585692 1.065692263273032 2.36425463941598 3.1200320511174233 5.450660510433576 2.890830330545187 2.6122212769977917 
3.9378801403801003 3.621670885102622 2.009999999999991 2.5850338489079765 5.8013532903969915 2.4286004199950226 2.499059823213521 3.3733810932060484 4.730010570812711 7.016159918359903 4.547801666739655 1.7681911661356111 2.66810794384335 
