666.1080993352356 
281.1138559374119 649.3265742290239 
395.60080889704966 1047.091209016674 603.5105632878351 
291.20439557122074 945.1454914456292 508.9449872039217 104.4030650891055 
326.266762021509 978.084863393765 542.5172808307584 69.6419413859206 35.35533905932738 
640.8002808988149 45.0 610.5735008989499 1026.364944841746 923.5935253129485 957.0397065952907 
426.8782027698299 956.1511386804913 308.05843601498725 525.0 470.5581791872287 491.553659329274 918.0958555619343 
600.1874707122766 1134.9559462816167 485.64390246352315 611.0032733136542 583.6308764964376 596.007550287746 1095.9242674564698 183.43936327844142 
561.4712815451918 1132.9827889248804 487.2627627882106 533.9007398384085 513.4685968976097 523.2590180780452 1095.7303500405562 180.34688796871433 83.21658488546619 
1040.9731024382907 1638.7876616572387 1266.6885963013956 663.1930337390464 760.8054941967756 726.102609828666 1627.4212730574711 1144.9017425089369 1165.6114275349225 1082.64721862664 
655.0190836914601 1258.5904814513735 891.3613184337763 294.3637205907005 382.4264635194589 349.28498393145964 1245.2007870219163 812.0498753155498 873.8563955250313 792.085853932514 387.07234465923807 
975.0 1440.0781228808387 1247.7579893553077 711.0731326663946 769.041611357929 744.194195086202 1440.3124660989365 1234.3419299367579 1316.7573808412847 1236.577939314785 442.7188724235731 452.133829745132 
1120.7698247187066 1515.7258987033242 1399.7321172281502 897.008918573277 944.3119188064927 922.7811224770477 1521.7259937321173 1414.2312399321406 1507.1164520368027 1428.2944374322824 619.5562928419015 653.2419153728579 205.54804791094466 
299.0401310861136 957.8230525519837 504.8762224545735 100.12492197250393 25.0 40.311288741492746 935.3608929178085 452.54833995939043 561.4712815451918 490.43348172815445 762.3647421018367 388.1043674065006 784.0918313565063 961.6912186351709 
260.0480724789169 724.0338389882064 537.4011537017761 384.2199890687625 309.23292192132453 328.8236609491476 713.8627319029898 660.9841147864297 817.9547664755063 763.6916917185888 914.8223871331528 537.7034498680476 759.2759709091287 883.8834764831844 332.41540277189324 
429.53463189829057 494.77267507411926 217.3131381210073 800.2499609497023 700.0714249274855 735.0170066059696 451.2482686947397 506.5816814690401 670.3170891451299 686.476510887299 1460.6933285258751 1078.3552290409687 1399.5088424157955 1534.21804187019 700.1606958406048 650.7111494357539 
161.55494421403512 595.4829972383762 134.6291201783626 532.3532661682466 430.4648650006177 465.67155807500205 562.2499444197393 381.21516234273787 564.6459067415614 547.9507277118993 1190.094534060215 806.8766944211488 1136.540804370877 1280.6736508572353 432.3482392701513 407.82962128810607 271.6615541441225 
305.0 843.4008536870235 207.0024154448445 474.68410548490033 400.7804885470349 427.93106921559223 807.0006195784487 125.89678312014172 308.05843601498725 290.90376415577714 1124.2997820866105 768.8465386538461 1169.4656899627282 1340.6341782902598 387.62094886628614 548.8624600025037 421.0997506529777 258.11818998280614 
210.05951537600004 564.468776815866 440.9648512069868 500.62460986251966 406.6017707782395 435.22982434571276 551.7698795693726 635.963835449784 810.246875958186 770.275924588066 1075.6625865019198 694.1361537911708 919.9184746487049 1034.6496991735899 424.7940677551889 165.07574019219177 512.0790954530364 306.4718584144391 512.4451190127583 
286.9233347080715 392.4601890638081 288.5307609250702 681.4873439763941 577.1698190307598 611.9027700541974 361.7319449537185 580.387801388003 763.2168761236874 751.4818693754361 1314.1727435919527 927.1596410543332 1194.7593900028573 1313.202193114221 585.8754133772811 435.4882317583335 253.03161857759991 205.24375751773792 460.65171225124084 278.5677655436824 
46.09772228646444 636.4157446198201 240.52026941611388 436.6062299143245 332.4530041975858 367.7295201639379 609.1387362497971 415.03011938894264 593.0430001273095 560.290103428572 1085.5643693489576 700.0178569150933 1020.4165815979276 1164.6887996370533 338.60005906674024 297.06901555025894 383.43839140075687 116.29703349613007 290.17236257093816 223.60679774997897 250.59928172283335 
181.1767093199344 509.82840250421515 361.178626167164 537.7034498680476 436.83520920365385 469.0682253148256 491.1720676097125 586.7282164682384 766.550715869472 734.9319696407281 1143.5252511422736 758.1721440411801 1008.191450072852 1127.2089424769483 451.0543204537564 249.09837414162303 418.0011961705373 229.40139493908924 460.9772228646444 94.33981132056604 186.81541692269406 174.64249196572982 
274.5906043549196 921.7917335276987 505.69259436934607 125.29964086141668 31.622776601683793 57.0087712549569 901.1797822854217 486.5439342957633 606.2384019509157 537.8196723809942 770.0162335951106 387.62094886628614 759.9506562928938 931.3565375300697 55.90169943749474 277.71388153997634 691.158447825099 420.11903075200007 410.03048667141815 378.4507894033252 558.4129296497351 317.52952618614853 412.4621194728069 
410.03048667141815 1028.846441409018 652.533524043018 109.20164833920778 150.08331019803634 124.19742348374221 1012.4228365658294 615.5485358604957 714.177848998413 638.8466169590318 631.2685640834652 245.0 620.0806399170998 799.155804583812 164.01219466856725 326.49655434629017 834.3410573620358 562.6944108483751 550.6813960903346 467.38634982207174 684.7262226612911 455.02747169813824 521.7758139277826 147.05441169852742 
728.9718787443038 1191.5116449284078 1005.9448295011014 516.2363799656123 552.268050859363 533.3385416412356 1190.094534060215 1022.8025224841792 1126.110562955521 1049.976190206235 541.040663906143 335.0373113550191 254.01771591761076 396.01136347332255 571.0735504293646 505.69259436934607 1149.4781424629177 890.0 945.4760705591655 665.9016443890193 941.0765112359356 773.7086014773262 754.4037380607283 537.4011537017761 412.09828924663105 
798.5142453331688 1301.508739886137 1067.6375789564547 526.806416058119 584.1446738608511 559.128786595718 1297.7865772152215 1049.4045930907678 1134.5483682946267 1055.0473923004597 417.43262929483603 283.24018076537095 185.06755523321746 374.4329045369811 599.0409001061614 597.5366097570926 1226.0199835239227 959.9088498394001 984.7334664770971 761.6429609731846 1030.970416646375 844.3340571124678 845.931439302264 575.6083738098326 435.0287346831241 126.19429464123962 
707.0007072132248 1243.7242459645145 970.3221114660843 417.43262929483603 478.5916840063145 452.21676218380054 1236.7396654106312 941.0765112359356 1024.4632741099117 944.9338601193207 417.6421913552317 182.4828759089466 293.64093720052045 484.1745553000488 492.36673323854853 525.8564442887431 1136.3318177363512 867.438758645243 879.3321329281672 690.8871108943921 952.2210877732125 753.077021293307 770.1460900374682 472.0699100768868 328.6715685908959 158.90248582070703 110.11357772772621 
406.2634613154375 635.0196847342609 651.2488003827723 579.8706752371601 509.7548430373173 528.0151512977634 636.9654621720082 831.0385069297331 998.2108995598074 950.0526301210897 1042.4130659196478 688.1860213634102 805.2484088776581 887.4260532573968 533.127564472144 200.81085628023203 707.4249076757193 516.768807108169 711.0028129339573 210.2974084481309 459.156835950419 428.51487722131657 296.0152023123137 478.17360864020924 509.1414341811124 558.7933428379404 673.6653471865686 629.6824596572466 
360.06943774777665 390.4484601070927 504.2072986381693 689.5288246331694 594.3483826847685 623.698645180507 385.5191305240247 758.7654446533527 940.4918925753693 912.1403400793104 1250.9696239317723 874.642784226795 1056.184169546202 1146.483754791144 611.657583947097 337.08307581366347 492.3921201644072 385.0324661635691 632.9494450586081 189.01058171435798 241.50569351466643 352.59750424527965 179.2344832893492 566.7892024377317 654.31261641512 805.0155278005512 912.318475095183 853.2877591996735 259.61509971494337 
146.37281168304446 541.2254613375095 208.92582415776178 540.8558033339385 436.6062299143245 471.8315377335432 511.5173506343651 457.21985958617324 640.3124237432849 619.293952820468 1186.7813614984018 800.3905296791061 1103.653025184999 1238.7897319561541 443.00112866673373 356.72117963473937 296.1840643923977 80.15609770940699 332.41540277189324 236.00847442411893 150.0 104.4030650891055 152.31546211727817 420.86221023037933 555.562777730834 853.3024082938006 931.4504817756015 844.3488615495374 445.2246623896749 305.16389039334257 
90.55385138137417 730.0 245.20399670478457 370.5401462729781 270.1851217221259 305.04098085339285 701.2310603502957 338.71079108879894 510.02450921499843 471.00955404322747 1030.9825410742899 650.5766672729663 1004.1538726709169 1160.8725166873407 270.4163456597992 330.94561486745823 430.0 162.78820596099706 219.82947936980608 300.3747659175118 340.03676271838606 97.082439194738 267.44158240632663 263.0589287593181 408.93153461184676 765.5063683601855 823.1190679361036 725.1551558114994 492.3921201644072 446.59825346725216 190.06577808748213 
827.3149339882606 1488.7074930959407 903.3963692643446 517.3490117899134 589.9576255969577 568.242905807015 1459.6318028872897 645.155020130821 570.1973342624464 500.89919145472777 706.1338400048535 584.2088667591412 1010.3588471429347 1215.905012737426 568.7046685231272 897.0646576473738 1120.2901409902704 903.2441530394758 700.5890378816956 990.0126261821109 1097.9640249115632 852.9507605952409 1001.960578066822 620.8461967347469 605.8258825768341 917.3058377662272 861.9309717140926 766.550715869472 1095.673308974897 1172.9023829799307 948.1165540164353 758.71602065595 
135.09256086106296 782.0805585104389 393.605132080363 266.5520587052368 163.24827717314508 196.9771560359221 760.3453162872775 455.0 606.9802303205599 552.268050859363 905.883546599672 520.0 854.1808941904519 1009.7153064106734 176.13914953808538 211.482859825566 561.4712815451918 290.25850547399983 350.891721190455 256.56383221335 416.20307543313515 180.06943105369106 275.0 142.30249470757707 275.0 614.3695956018657 674.258852370512 578.7054518492115 401.9950248448356 439.31765272977594 281.1138559374119 151.16216457830973 734.0980860893181 
121.6552506059644 776.9813382572326 373.6642878306676 275.13632984395207 170.88007490635061 205.54804791094466 754.204879326566 435.4595273960601 589.4276885250641 536.1436374704077 920.3396112305501 535.2102390649865 874.3140168154689 1030.5944886326533 181.1767093199344 228.52789764052878 544.5181356024792 272.9468812791236 330.1893396219811 261.7728022541685 406.3557554655772 165.3027525481654 272.8094573140748 152.97058540778355 290.38767191463205 635.1377803280167 693.9920748827035 597.7039400907443 415.7523301197481 441.1915683691156 268.00186566514793 130.38404810405297 731.7444909256236 21.213203435596427 
125.0 785.0 367.6955262170047 270.60118255469615 166.20770138594662 201.30822139197394 761.5773105863908 421.54477816715985 574.6738205277843 521.1765535785354 920.0543462209175 535.8404613315422 881.1923740024082 1039.25454052412 174.64249196572982 243.3105012119288 542.7936993002038 271.15493725912495 317.56889016400834 275.04545078950133 411.40004861448426 166.88319268278636 282.93108701590216 150.74813431681335 291.547594742265 643.5254462723288 700.1785486574121 602.7644647787392 430.7261310856354 453.01765969992823 270.64737205448716 122.98373876248843 720.2256590819297 33.54101966249684 15.0 
207.9663434308542 857.7004138975334 447.4650824366076 190.3943276465977 87.46427842267951 120.83045973594572 836.3163277133838 460.5702986515739 596.0914359391519 533.6665625650534 835.0598780925833 450.99889135118724 806.9231685854608 971.4036236292307 102.59142264341595 244.1823089414956 627.4153329334564 355.8791929854849 371.24789561693143 322.6840560052511 491.85871955267805 251.24689052802225 349.4638751001311 66.70832032063167 207.18349355100662 575.5432216610669 624.1193796061776 523.9274758971894 443.8468204234429 509.11688245431424 354.29507476113747 202.6079958935481 668.5057965343308 76.15773105863909 86.31338250816034 85.0 
240.41630560342617 896.9392398596462 462.0876540224809 155.24174696260025 50.99019513592785 86.31338250816034 874.7142390518175 446.0100895719737 571.9484242482009 506.2114182829147 810.38571063414 429.94185653411324 804.3164800002546 974.5896572404204 61.032778078668514 283.7692724732542 650.3076195155644 380.13155617496426 366.23080154459973 365.54753452868476 526.7114959823831 281.4693589007514 390.03204996512784 44.721359549995796 191.3765920900464 580.0 620.1007982578317 516.768807108169 484.2003717470692 551.5886148208644 385.64880396547323 220.90722034374522 625.4998001598402 115.10864433221339 120.83045973594572 115.43396380615195 43.01162633521314 
166.20770138594662 827.9643712141242 392.23717314910374 230.4886114323222 126.58988901172162 161.94134740701648 804.3941819779653 413.82363393117123 557.8530272392542 499.9249943741561 885.1271095159158 503.0159043211258 862.6992523469578 1026.157882589224 132.85330255586422 265.04716561397146 575.7820768311567 305.0 318.90437438203946 313.8470965295043 453.10043036836765 206.15528128088303 325.5764119219941 115.43396380615195 260.86394921491166 630.1785461280001 680.0 579.7628825649327 458.93899376714546 494.2924235713107 310.4834939252005 148.07092894960846 678.6199230791858 58.52349955359813 53.150729063673246 43.01162633521314 55.90169943749474 75.66372975210778 
208.92582415776178 869.7413408594534 426.8782027698299 188.2817038376273 85.14693182963201 120.41594578792295 846.5370635713477 421.57442996462675 555.0 492.44289008980525 845.5323766716447 465.29560496527364 836.376111567039 1004.4525872334642 90.13878188659973 282.17902119044925 615.1828996322963 345.3259329966401 336.34060117684277 348.1738071710737 495.8074222921638 248.64633518312712 365.54753452868476 79.05694150420949 226.10838109190027 609.1387362497971 652.5526798657714 550.0909015790027 480.52055106935853 531.5072906367325 353.02266216207704 185.60711193270586 642.0280367709809 92.19544457292888 93.00537618869137 85.0 41.23105625617661 35.35533905932738 42.720018726587654 
395.37956446938426 896.1724164467461 246.9817807045694 544.5410911951457 479.5049530505394 504.0089284923433 857.5546629807338 64.03124237432849 239.26972228010797 243.97745797511703 1180.0423721205946 836.3163277133838 1248.0785231707177 1423.0425151765494 464.0043103248072 640.7807737440318 442.6341604530766 330.49205739321485 91.92388155425118 601.0407640085654 525.0238089839355 377.69034936042516 545.0229352972221 491.7570538385799 628.0127387243033 1028.992225432243 1063.0380990350252 956.1511386804913 801.6389461596785 712.9691437923524 408.71750635371615 311.4883625434504 704.0063920164362 441.61634933503086 421.0997506529777 408.16663263917104 457.73900860643283 449.02672526253934 407.0012284993744 421.0997506529777 
565.795899596312 102.59142264341595 550.0909015790027 950.3288904374107 847.6585397434512 881.036321612225 76.15773105863909 855.8621384311845 1035.5916183515585 1031.952033769012 1552.3208431249 1169.6260086027498 1371.3132391981053 1457.4807031312628 859.5929269136642 639.5310782127792 408.0747480548141 492.97565862829373 741.923176616016 476.7074574621211 289.9137802864845 535.0233639758175 415.03011938894264 825.1212032180484 936.37599285757 1120.100441924741 1226.234072271685 1163.4539097016263 570.6356105256664 315.15869018638847 438.91912694709487 628.0326424637497 1386.731769305081 684.4158092855541 678.4725491867744 686.0029154456998 760.3453162872775 798.8898547359329 728.8689868556626 770.9247693517183 796.4923100695951 
463.8156961552724 1123.710371937538 556.5968020030299 245.20399670478457 266.6927070618917 260.0480724789169 1094.805918873295 359.02646142032484 389.9358921669048 307.77426793024785 789.2401408950257 484.38104834933415 930.859817588019 1125.27774349269 241.8677324489565 570.087712549569 773.2561024654121 541.1330705103875 367.76351096866586 638.1614215854794 733.2462069455253 488.1085944746312 641.1318117204917 297.6995129320839 354.400902933387 755.7942841805566 751.0326224605693 641.1123146532127 770.6004152607238 815.5519603311612 583.3095233235953 393.7321424522006 365.0 382.39377609997786 376.46380968162134 363.59317925395686 327.29955698106284 286.40006983239374 324.4225639501667 293.47061181658376 401.9950248448356 1021.7631819555841 
154.434452114805 744.8825410761082 434.1946568072896 307.001628660175 212.24985276791125 240.8318915758459 726.9972489631581 529.7405025104273 685.5836929215864 631.9810123729984 912.9211356957402 526.1178575186362 821.7207554881403 966.3979511567685 231.1384866265244 132.38202294873727 579.0077719685635 315.35694062442957 420.38672671719786 194.48650338776724 401.52833025827704 199.06029237394384 235.8495283014151 183.98369492974098 286.40006983239374 574.6738205277843 647.0123646422841 559.0169943749474 322.49030993194197 382.88379438153294 285.3506614676055 207.0024154448445 798.8116173416608 80.0 96.17692030835673 111.01801655587259 130.38404810405297 173.34935823359717 136.4734406395618 161.55494421403512 512.0790954530364 650.8648093114268 455.0 
240.20824298928628 823.2860985101108 219.82947936980608 411.0960958218893 331.2099032335839 360.06943774777665 789.3826701923472 187.41664813991312 360.86701151532264 329.013677527242 1067.9536506796537 705.3013540324448 1098.3282751527431 1267.5665662993797 319.88279103446627 476.366455578056 436.5775990588615 228.0350850198276 75.0 450.0277769204919 433.0415684434925 232.64780248263682 406.97051490249265 338.3784863137726 481.27435003332556 872.066511224918 913.9064503547395 809.4751385929032 643.622560201241 583.3095233235953 292.95904150580503 151.32745950421557 687.7863040218233 276.1340254296815 255.53864678361276 242.7447218787671 297.06901555025894 294.10882339705483 244.1823089414956 263.1539473388153 165.60495161679194 720.850192481073 336.7862823809782 346.77081768799405 
279.8660393831306 859.0838143045182 552.675311552814 230.70543990118657 170.66048165876012 182.00274723201295 844.4228798416111 598.5398900658167 733.8937252763509 669.6454285664914 786.6701977321882 401.40378672852603 696.0244248587833 848.7638069569177 195.57607215607945 155.72411502397438 708.2548976180822 441.27655727446023 504.47993022517755 295.4657340538831 530.3772242470448 325.7299494980466 356.9313659514949 140.089257261219 173.34935823359717 453.67940222143653 518.6520991955975 428.51487722131657 349.17760523836574 481.27435003332556 415.9326868617084 312.1297807002722 747.010709427917 161.01242188104618 182.00274723201295 191.44189719076647 138.6542462386205 163.783393541592 186.01075237738274 179.2344832893492 593.000843169721 768.6676785191374 437.3213921133975 130.86252328302402 429.563732174866 
791.2806076228584 1151.271036724194 1072.3105893350116 659.5642500924379 673.5911222692888 661.9101147436863 1156.8275584545866 1135.8917201916738 1257.060062208644 1185.1687643538367 705.1595564125895 517.4214916294065 324.4225639501667 364.9657518178932 695.5932719628619 539.4905003797564 1187.6973520219703 946.0047568590762 1044.8444860360798 679.7793759742935 957.5489543621255 832.4061508662703 773.6924453553879 652.5526798657714 550.6813960903346 185.53975315279473 291.547594742265 344.41980198589044 522.8049349422785 782.1924315665551 895.8794561770015 845.0 1095.1826331712898 697.2266489456639 718.4184017687743 729.5546586788408 676.0362416320593 690.6699645995908 726.2231062146122 714.370352128362 1133.159300363369 1092.5429053359871 904.4611655565981 640.4100249059192 969.9097896196326 540.3702434442519 
267.30132809247317 910.3021476411005 504.801941359183 137.2953021774598 47.43416490252569 70.71067811865476 890.1825655448438 495.1009997970111 617.8389757857625 550.2726596879041 775.064513443881 391.1521443121589 755.8604368532593 925.2161909521471 71.58910531638176 261.9637379485947 687.2044819411468 415.7523301197481 415.4816482108446 364.58880948268285 549.4770240874499 311.0064308016797 400.65571255131255 15.811388300841896 148.07092894960846 530.5186141880415 571.9484242482009 469.5742752749558 462.3851208678757 553.1726674375732 413.67257583746107 260.86394921491166 636.3175307973213 133.41664064126334 145.7737973711325 145.0 60.0 49.49747468305833 112.80514172678478 80.62257748298549 498.52281793314137 814.0792344729105 313.2491021535417 170.29386365926402 343.0014577228499 125.0 642.3589339302443 
64.03124237432849 728.0109889280518 288.4874347350331 345.2535300326414 241.8677324489565 277.2183255125822 701.7300050589258 383.43839140075687 550.567888638631 507.0009861923347 1000.0124999218759 616.644143732834 959.2835868501035 1113.5640978408023 246.22144504490262 281.82441342083905 461.7358552246078 190.26297590440447 267.44158240632663 263.86549603917524 344.41980198589044 93.94147114027967 244.38698819699874 230.0 372.7264412407577 718.679344353238 779.310592767736 683.117852204142 448.3859944289072 422.6700841081611 197.80040444852483 50.0 763.7080594049012 105.11898020814318 85.44003745317531 81.39410298049853 165.6804152578089 191.049731745428 115.43396380615195 157.00318468107582 359.339672176619 627.1562803639935 399.9062390110962 157.00318468107582 196.468827043885 265.0 795.5029855380808 225.49944567559362 
217.0829334609241 596.2591718372138 463.24939287601876 477.62432936357 386.6846260197061 413.7934267240116 584.6366392897387 643.8167441127949 815.1380251221261 771.961786619001 1042.928568982555 662.5896165802782 884.5903006477066 1000.1249921884764 406.07881008493905 130.38404810405297 543.6221113972463 328.6715685908959 521.9674319342156 35.35533905932738 313.12936623702353 237.17082451262846 127.47548783981962 357.5262228144951 439.089968002003 630.5751343020116 726.3952092353032 656.2202374203343 191.3765920900464 215.23243250030885 262.01145013147806 305.6550343115585 973.6657537368766 243.77243486497812 251.6445906432324 265.70660511172844 305.16389039334257 348.1738071710737 302.0761493398643 333.65401241405743 611.8823416311342 509.9019513592785 626.0990336999411 175.0 456.75485766437123 266.1766330841233 646.2584622269948 343.11076928595526 265.1886121235224 
789.3826701923472 1421.5572447144011 995.3140207994661 397.0201506221063 499.9249943741561 464.5696933722647 1405.0800688928728 860.1453365565612 883.2326986700617 800.0781211856752 285.0438562747845 188.2153022471871 539.6758286230726 744.6475676452586 497.04124577342674 710.105625945887 1196.505328028254 929.3680648698878 843.4453153583818 859.0692637965811 1072.0074626605917 831.8653737234168 914.166286842826 514.8057886232439 392.7467377331096 496.0090724976711 410.48751503547584 337.23137457834497 871.4499411899687 1044.2820500228854 935.5746896961247 767.3493337457197 474.68410548490033 656.2202374203343 667.7761601015718 665.0187967268294 581.4851674806504 550.8402672281684 626.4982043070834 584.8290348469371 896.3537248207317 1329.0033860002013 504.23208941914834 678.3988502348748 790.1423922306662 563.6488268416781 681.5423684555495 522.8049349422785 741.7715281675349 829.6083413274001 
1220.4609784831305 1716.049241717731 1483.5936101237428 908.6390922693124 984.4414660100416 954.8952822168512 1715.0655964131518 1430.4719500919966 1486.7750334196496 1404.0388171272189 398.55990766759265 618.5668920981789 278.65749586185547 318.90437438203946 995.1130589033589 1022.6680790950699 1649.37109226517 1381.2041847605299 1381.9551367537226 1186.086000254619 1456.7086187704115 1266.491215919005 1271.416532848303 981.5421539597777 835.1347196710241 525.0 425.7933771208754 513.9309292113095 1081.9542504191202 1330.0093984630334 1355.912976558599 1238.3961401748634 1088.7263200639543 1092.62299078868 1111.5417221139294 1116.3556780883052 1036.4000192975684 1026.1700638783027 1092.0164833920778 1060.3890795363748 1453.0829294985197 1645.06838763621 1097.2009843232916 1070.8057713703265 1314.961976636587 941.1163583744574 597.7457653551382 980.4718251943806 1196.9231387186062 1150.7606180261819 624.8199740725323 
