59.20304046246274 
73.17103251970687 19.4164878389476 
54.589376255824725 8.54400374531753 19.235384061671343 
33.12099032335839 42.5205832509386 48.75448697299562 34.655446902326915 
53.33854141237835 22.360679774997898 22.825424421026653 14.035668847618199 26.0 
64.28841264178172 5.0990195135927845 16.278820596099706 12.041594578792296 46.66904755831214 24.698178070456937 
80.4114419718985 22.02271554554524 11.661903789690601 25.96150997149434 58.83026432033091 33.421549934136806 17.11724276862369 
80.52949770115296 52.49761899362675 39.0 46.09772228646444 47.53945729601885 34.40930106817051 52.172789842982326 49.36598018878993 
36.40054944640259 47.20169488482379 51.62363799656123 39.05124837953327 6.0 28.844410203711913 51.088159097779204 62.20128616033595 45.60701700396552 
60.40695324215582 81.8413098624405 81.5659242576212 73.35529974037323 41.97618372363071 60.74537019394976 85.0881895447306 93.08598175880189 57.77542730261716 36.138621999185304 
57.0087712549569 52.392747589718944 48.82622246293481 43.93176527297759 24.839484696748443 30.083217912982647 54.70831746635972 60.4648658313239 28.0178514522438 20.615528128088304 33.301651610693426 
14.560219778561036 53.03772242470448 69.58448102845921 50.35871324805669 39.05124837953327 52.92447448959697 58.077534382926416 75.0066663703967 84.0535543567314 43.829214001622255 72.78049189171504 63.89053137985315 
88.0 34.88552708502482 15.811388300841896 34.92849839314596 61.1310068623117 35.510561809129406 31.064449134018133 17.4928556845359 37.16180835212409 62.96824596572466 88.72992730753249 55.44366510251645 85.15867542417507 
49.8196748283246 23.430749027719962 42.80186911806539 27.459060435491963 48.05205510693585 39.56008088970496 26.92582403567252 43.08131845707603 73.35529974037323 53.9351462406472 90.02777349240623 66.27216610312357 38.91015291668744 57.982756057296896 
8.602325267042627 56.859475903318 69.05070600652827 51.24451190127583 25.632011235952593 48.010415536631214 61.84658438426491 77.20103626247513 73.16419889536138 28.30194339616981 52.20153254455275 48.82622246293481 21.02379604162864 83.2946576918352 50.99019513592785 
65.55150646628954 40.19950248448356 31.38470965295043 32.7566787083184 32.984845004941285 19.697715603592208 41.012193308819754 42.95346318982906 15.620499351813308 32.0624390837628 52.630789467763066 19.4164878389476 68.5054742338158 36.124783736376884 59.23681287847955 58.52349955359813 
56.142675390472796 12.041594578792296 17.029386365926403 4.47213595499958 33.60059523282288 10.44030650891055 14.317821063276353 25.495097567963924 41.6293165929973 37.48332962798263 70.83078426785913 40.52159917870962 52.952809179494906 32.2490309931942 31.906112267087632 52.172789842982326 28.442925306655784 
68.0294054067798 13.0 25.495097567963924 21.540659228538015 55.0 35.17101079013795 11.0 21.400934559032695 62.96824596572466 59.90826320300064 94.81033698917012 65.25335240430181 59.665735560705194 38.2099463490856 23.194827009486403 66.88796603276258 52.009614495783374 24.73863375370596 
95.02105029939419 42.04759208325728 23.08679276123039 42.20189569201838 67.468511173732 42.190046219457976 38.07886552931954 23.345235059857504 38.8329756778952 68.96375859826666 93.00537618869137 59.90826320300064 92.39588735436226 7.280109889280518 65.0 90.13878188659973 40.496913462633174 39.45883931389772 44.598206241955516 
64.07027391856539 52.15361924162119 45.617978911828175 44.01136216933077 31.240998703626616 30.0 53.75872022286245 57.245087125446844 20.09975124224178 27.784887978899608 39.11521443121589 8.06225774829855 70.00714249274856 50.20956084253277 68.4470598345904 56.08029957123981 14.422205101855956 40.11234224026316 64.6297145282261 54.037024344425184 
25.942243542145693 34.23448553724738 50.48762224545735 31.25699921617557 28.635642126552707 34.9857113690718 39.319206502675 56.08029957123981 67.94115100585212 34.52535300326414 69.06518659932803 51.894122981316485 19.1049731745428 66.09841147864296 24.839484696748443 26.1725046566048 52.3450093132096 33.95585369269929 42.15447781671598 73.348483283569 56.60388679233962 
8.54400374531753 50.695167422546305 65.03076195155643 46.2709412050371 28.319604517012593 45.89117562233506 55.78530272392541 72.00694410957877 74.79304780526061 32.64965543462902 61.18823416311342 53.03772242470448 11.704699910719626 80.05623023850174 41.773197148410844 10.44030650891055 59.481089431852205 48.010415536631214 59.50630218724736 87.14355971613737 59.54829972383762 17.4928556845359 
51.03920062069938 19.849433241279208 39.20459156782532 24.186773244895647 46.84015371452148 36.68787265568828 23.323807579381203 39.56008088970496 70.21395872616783 52.630789467763066 88.76936408468859 64.07027391856539 40.85339643163099 54.378304497290095 3.605551275463989 51.62363799656123 56.302753041036986 28.653097563788805 20.024984394500787 61.40032573203501 65.92419889539804 25.495097567963924 42.80186911806539 
105.39449701004318 80.23091673413684 64.76109943476871 74.24284477308234 72.42237223399962 62.68173577685928 79.37883848986453 73.55270219373317 28.30194339616981 69.1158447825099 68.00735254367721 48.76474136094644 110.63453348751464 58.0 101.59724405711013 97.41663102366043 43.41658669218482 69.77105417004964 89.8443097808648 56.43580423808985 41.340053217188775 95.524865872714 100.60318086422517 98.41239759298622 
81.32035415564789 22.135943621178654 18.681541692269406 28.30194339616981 62.625873247404705 38.28837943815329 17.08800749063506 8.06225774829855 57.21887800367987 66.52818951391959 98.812954616285 66.73080248281148 74.54528824815154 25.079872407968907 39.81205847478876 78.92401408950256 49.9799959983992 29.068883707497267 16.76305461424021 30.23243291566195 64.07807737440318 56.089214649520635 72.80109889280519 36.49657518178932 81.61494961096282 
93.40770846134703 58.309518948453004 41.43669871020132 53.41348144429457 60.728905802755904 44.04543109109048 56.79788728465171 49.64876634922564 14.0 59.22837157984339 70.83784299369935 42.01190307520001 95.88013350011565 34.0147027033899 80.80222769206304 86.33075929238663 27.85677655436824 49.040799340956916 66.85057965343307 32.984845004941285 34.058772731852805 78.81624198095213 87.23531395025755 77.42092740338364 24.020824298928627 57.706152185014034 
84.01190391843289 26.1725046566048 12.806248474865697 29.427877939124322 61.29437168288782 35.510561809129406 21.37755832643195 4.47213595499958 48.05205510693585 64.35060217278468 94.17536832951598 61.220911460055866 79.00632886041473 13.92838827718412 47.53945729601885 80.52328855678958 43.04648650006177 28.460498941515414 25.80697580112788 19.209372712298546 57.4543296888929 60.00833275470999 75.66372975210778 44.01136216933077 71.17583859709698 11.180339887498949 47.16990566028302 
14.142135623730951 55.036351623268054 71.56814934033156 52.3450093132096 40.36087214122113 54.78138369920935 60.07495318350236 77.00649323271382 85.70297544426332 45.0 73.24616030891995 65.19202405202648 2.0 87.13208364316786 40.718546143004666 21.213203435596427 70.178344238091 54.91812087098393 61.61168720299745 94.36630754670864 71.42128534267638 21.095023109728988 12.529964086141668 42.720018726587654 112.16059914247963 76.53103945458993 97.6165969494942 81.00617260431454 
93.43446901438462 43.829214001622255 24.413111231467404 42.5440947723653 64.38167441127949 40.11234224026316 40.45985664828782 27.784887978899608 32.01562118716424 65.30696746902278 87.36704184073076 54.589376255824725 91.92388155425118 10.295630140987 67.20119046564577 88.02272433866155 35.34119409414458 39.21734310225516 48.27007354458868 7.280109889280518 48.25971404805462 73.08214556237385 85.84287972802403 63.60031446463138 49.25444142409901 35.34119409414458 25.709920264364882 24.166091947189145 93.86160024205851 
19.697715603592208 49.040799340956916 66.2872536767062 47.07440918375928 39.96248240537617 51.0 54.00925846556311 71.06335201775947 83.24061508662703 45.17742799230607 75.95393340703298 64.63745044476924 5.656854249492381 82.0 33.61547262794322 25.179356624028344 67.62396025078685 50.0 54.91812087098393 89.26925562588724 70.2922470831599 16.15549442140351 15.0 35.73513677041127 110.34491379306978 70.178344238091 94.57801012920498 75.16648189186454 7.211102550927978 89.1852005660132 
68.59300255857006 13.038404810405298 6.4031242374328485 14.035668847618199 46.32493928760188 21.213203435596427 10.0 12.529964086141668 43.289721643826724 49.8196748283246 81.60882305241266 49.64876634922564 64.19501538281614 21.93171219946131 36.40054944640259 65.0 33.734255586866 13.0 19.924858845171276 29.154759474226502 47.43416490252569 45.09988913511872 60.29925372672534 32.802438933713454 69.92138442565336 17.204650534085253 47.01063709417264 15.524174696260024 66.18912297349165 30.805843601498726 60.67124524847005 
60.14149981501958 62.0966987850401 58.52349955359813 53.600373133029585 30.463092423455635 39.84971769034255 64.51356446515724 70.178344238091 33.52610922848042 25.059928172283335 24.698178070456937 9.848857801796104 68.79680225126747 64.38167441127949 75.02666192761077 51.62363799656123 28.284271247461902 50.28916384272063 75.0 68.41052550594829 14.422205101855956 58.82176467941097 57.42821606144492 73.00684899377592 49.040799340956916 76.53757247260981 47.07440918375928 70.80254232723568 69.8927750200262 62.68173577685928 70.2353187506115 59.481089431852205 
64.63745044476924 53.150729063673246 46.51881339845203 45.0111097397076 31.89043743820395 31.0 54.74486277268398 58.137767414994535 20.223748416156685 28.30194339616981 38.58756276314948 8.246211251235321 70.7248188403477 50.93132631298737 69.42621983083913 56.60388679233962 15.264337522473747 41.10960958218893 65.62011886609167 54.67174773134658 1.0 57.4543296888929 60.207972893961475 66.91038783328041 40.8166632639171 65.0 34.132096331752024 58.309518948453004 72.12489168102785 48.82622246293481 71.06335201775947 48.38388161361178 13.892443989449804 
32.57299494980466 49.33558553417604 68.15423684555495 49.64876634922564 50.695167422546305 56.72741841473134 53.85164807134504 70.83078426785913 90.52071586106685 56.302753041036986 88.56635930193812 74.70609078247904 18.027756377319946 83.93449827097318 29.0 38.3275357934736 75.0066663703967 53.33854141237835 52.08646657242167 91.18113840043894 79.61155694998057 23.021728866442675 28.071337695236398 32.0624390837628 118.3427226321923 68.46897107449476 100.7670581092849 75.18643494673756 18.788294228055936 92.13576938409967 13.152946437965905 62.03224967708329 81.15417426109393 80.45495634204272 
4.242640687119285 61.39218191268331 76.02631123499285 57.21887800367987 37.21558813185679 56.71860364994893 66.49060083951716 82.87339742040264 84.52810183601665 40.607881008493905 64.25729530566937 61.220911460055866 13.038404810405298 91.0494371207203 50.47771785649585 12.806248474865697 69.46221994724903 59.00847396772772 69.6419413859206 98.12746812182611 68.24221567329127 27.51363298439521 11.0 51.97114584074513 109.55363982999378 83.43260753446461 97.30878685915265 86.57944328765345 12.083045973594572 96.74709297958259 18.601075237738275 71.25307010929424 64.38167441127949 68.81860213634101 30.870698080866262 
20.615528128088304 54.405882034941776 63.56886030125127 47.50789408087881 16.0 41.23105625617661 59.07622195096772 72.91776189653656 62.6418390534633 17.08800749063506 41.593268686170845 37.21558813185679 31.32091952673165 76.68767828015137 53.71219600798314 12.041594578792296 48.662100242385755 47.4236228055175 65.85590330410783 83.18653737234169 44.721359549995796 29.732137494637012 19.6468827043885 53.53503525729669 85.95929269136641 75.8023746329889 76.15773105863909 75.76938695805846 31.953090617340916 80.30566605165541 34.36568055487916 60.41522986797286 39.59797974644666 45.17742799230607 47.095647357266465 24.839484696748443 
18.601075237738275 42.2965719651132 58.309518948453004 39.11521443121589 30.4138126514911 41.6293165929973 47.38143096192854 64.1248781675256 73.40980860893181 35.84689665786984 68.18357573492314 54.91812087098393 11.40175425099138 73.824115301167 31.240998703626616 20.591260281974 57.8013840664737 41.593268686170845 49.9799959983992 81.04936767180853 60.440052945046304 8.06225774829855 10.63014581273465 32.449961479175904 100.44899203078147 64.13267497929586 84.90583018850944 68.0294054067798 13.341664064126334 80.52328855678958 9.899494936611665 53.03772242470448 60.83584469702052 61.220911460055866 20.615528128088304 19.697715603592208 27.073972741361768 
95.2102935611481 74.72616676907762 61.1310068623117 68.00735254367721 62.48199740725323 55.46169849544819 74.52516353554684 71.02816342831905 22.360679774997898 58.82176467941097 57.0087712549569 38.27531841800928 101.13851887386922 57.0701322935211 94.93682109698007 87.09190547921202 35.77708763999664 63.56886030125127 85.32877591996736 56.92099788303083 31.240998703626616 86.83317338436964 90.78546139112804 91.92388155425118 11.180339887498949 79.00632886041473 24.166091947189145 69.26037828369117 102.59142264341595 49.64876634922564 101.17806086301516 65.62011886609167 37.94733192202055 30.610455730027933 109.80892495603443 99.40321926376429 75.47184905645283 91.28526715741155 
89.55445270895244 63.56886030125127 49.25444142409901 57.271284253105414 56.43580423808985 45.48626166217664 63.06346010171025 59.00847396772772 11.180339887498949 53.71219600798314 59.43904440685432 34.20526275297414 94.02127418834527 45.12205669071391 84.53401682163222 81.8413098624405 26.248809496813376 52.80151512977634 73.7563556583431 45.31004303683677 26.248809496813376 78.49203781276162 84.31488599292535 81.39410298049853 17.204650534085253 67.0 13.45362404707371 57.21887800367987 95.60334722173695 38.07886552931954 93.50935782048768 53.9351462406472 37.0 25.96150997149434 101.23734488813898 93.64827814754524 70.77428911688199 83.6301381082203 12.041594578792296 
58.855755878248644 26.019223662515376 21.213203435596427 18.439088914585774 29.614185789921695 6.4031242374328485 27.294688127912362 32.64965543462902 28.30194339616981 31.38470965295043 60.440052945046304 28.178005607210743 59.09314681077663 31.622776601683793 45.18849411078001 53.08483775994799 14.317821063276353 14.142135623730951 38.2099463490856 37.8549864614954 26.476404589747453 41.340053217188775 51.66236541235796 42.15447781671598 56.60388679233962 38.58756276314948 37.64306044943742 33.97057550292606 60.92618484691127 35.014282800023196 57.30619512757761 21.470910553583888 38.01315561749642 27.459060435491963 63.12685640834652 62.369864518050704 45.39823785126467 47.853944456021594 49.76946855251722 39.44616584663204 
60.00833275470999 17.26267650163207 14.317821063276353 10.816653826391969 34.438350715445125 8.602325267042627 18.110770276274835 24.839484696748443 35.4682957019364 37.44329045369811 68.81860213634101 37.16180835212409 57.97413216254298 28.0178514522438 38.27531841800928 55.326304774492215 23.021728866442675 6.4031242374328485 29.068883707497267 35.014282800023196 35.6931365951495 39.21734310225516 52.15361924162119 34.9857113690718 63.50590523722971 30.0 42.638011210655684 26.92582403567252 59.90826320300064 33.95585369269929 55.362442142665635 12.806248474865697 47.01063709417264 36.6742416417845 59.36328831862332 63.12685640834652 49.33558553417604 46.57252408878007 57.56735185849702 46.61544808322666 9.219544457292887 
66.09841147864296 36.49657518178932 26.92582403567252 29.410882339705484 34.23448553724738 17.204650534085253 37.013511046643494 38.48376280978771 17.204650534085253 34.058772731852805 56.72741841473134 23.430749027719962 68.09552114493287 32.01562118716424 56.36488268416781 59.43904440685432 4.47213595499958 25.0 48.010415536631214 36.71511950137164 18.867962264113206 51.22499389946279 59.61543424315552 53.31041174104736 45.48626166217664 45.5411901469428 27.784887978899608 38.58756276314948 69.83552104767315 31.953090617340916 66.85057965343307 29.427877939124322 32.55764119219941 19.72308292331602 73.55270219373317 69.8927750200262 50.15974481593781 57.14017850864661 38.62641583165593 28.30194339616981 11.180339887498949 19.235384061671343 
78.91767862779544 35.0 17.72004514666935 31.240998703626616 49.16299421312742 25.709920264364882 33.12099032335839 27.018512172212592 22.561028345356956 50.00999900019995 73.40980860893181 40.22437072223753 78.43468620451031 15.620499351813308 58.05170109479997 73.17103251970687 20.808652046684813 27.202941017470888 43.08131845707603 19.72308292331602 34.655446902326915 60.00833275470999 71.58910531638176 54.56189146281496 47.07440918375928 35.0 23.769728648009426 25.495097567963924 80.32434251209281 15.297058540778355 76.15773105863909 23.259406699226016 48.91829923454004 35.35533905932738 80.45495634204272 82.37718130647589 65.12296062065974 67.06713054842886 44.01136216933077 32.0 20.09975124224178 21.095023109728988 17.0 
97.94386147176351 72.80109889280519 57.87054518492115 66.64082832618455 64.89992295835181 54.91812087098393 72.12489168102785 67.11929677819934 20.591260281974 61.773780845922005 63.198101237299845 41.6293165929973 102.9417310909429 52.23983154643591 93.94147114027967 90.0499861188218 35.608987629529715 62.16912416947821 82.71033792700887 51.419840528729765 34.0 87.72684879784524 93.00537618869137 90.78546139112804 7.810249675906654 75.16648189186454 18.439088914585774 65.0 104.48444860360799 44.14748010928823 102.59142264341595 62.81719509815764 42.7551166528639 33.54101966249684 110.5350623105628 102.08329931972223 78.71467461661771 92.69843580125827 7.211102550927978 9.433981132056603 48.877397639399746 55.94640292279746 37.73592452822641 40.311288741492746 
99.00505037623081 64.66065264130884 47.53945729601885 59.81638571495272 66.12866246946176 50.32891812864648 63.06346010171025 55.31726674375732 18.681541692269406 64.28841264178172 73.24616030891995 46.17358552246078 101.87246929372037 39.11521443121589 87.20091742636656 91.76055797563569 33.54101966249684 55.44366510251645 73.00684899377592 37.21558813185679 38.118237105091836 85.0 93.02150289046077 83.81527307120105 19.235384061671343 63.34824385884742 6.4031242374328485 52.61178575186362 103.58571330062848 30.066592756745816 100.68763578513501 53.225933528685054 50.24937810560445 38.05259518088089 107.05606008068857 102.95630140987001 81.32035415564789 90.97252332435328 22.02271554554524 13.92838827718412 43.93176527297759 49.040799340956916 33.83784863137726 29.966648127543394 15.264337522473747 
12.529964086141668 50.99019513592785 62.96824596572466 45.221676218380054 20.591260281974 42.0 55.94640292279746 71.16881339463234 68.0294054067798 24.08318915758459 51.78802950489621 44.68780594300866 21.18962010041709 77.23341245859851 46.400431032480725 6.082762530298219 53.14132102234569 46.09772228646444 61.29437168288782 84.09518416651456 51.61395160225576 21.633307652783937 9.486832980505138 46.75467891024384 92.91393867445294 73.00684899377592 80.99382692526635 74.46475676452586 21.93171219946131 82.05485969764375 24.186773244895647 58.9406481131655 48.41487374764082 52.20153254455275 37.013511046643494 16.64331697709324 10.198039027185569 17.46424919657298 82.80096617793781 77.02596964660685 47.16990566028302 49.25444142409901 53.85164807134504 67.26812023536856 85.44003745317531 86.53900854527974 
65.7419196555744 80.05623023850174 77.6659513557904 71.5122367151245 43.0 58.180752831155424 82.85529554590944 89.30845424706443 50.60632371551998 37.0 9.219544457292887 28.844410203711913 77.1621668954417 83.43860018001261 90.55385138137417 57.271284253105414 47.4236228055175 68.54195795277518 93.04837451562494 87.20665112249179 33.24154027718932 71.25307010929424 65.45991139621256 88.95504482602435 59.00847396772772 95.524865872714 63.15853069855251 90.0 77.83315488916018 81.21576201698781 79.81227975693966 78.39005038906404 19.209372712298546 32.55764119219941 91.98369420718001 69.77105417004964 45.880278987817846 71.386273190299 48.093658625644196 51.24451190127583 56.938563381947034 65.76473218982953 51.73973328110612 67.89698078707183 54.45181356024793 65.14598989960932 55.97320787662612 
90.80198235721508 31.622776601683793 25.238858928247925 37.589892258425 71.61005515987263 46.69047011971501 26.570660511172846 13.601470508735444 61.61168720299745 75.28612089887484 106.66770832824712 74.06078584514209 83.86298349093002 26.019223662515376 48.25971404805462 88.3911760301898 56.356011214421486 38.01315561749642 25.079872407968907 29.120439557122072 70.71067811865476 65.5133574166368 82.28000972289685 45.09988913511872 84.00595217006948 9.486832980505138 60.0 13.601470508735444 85.84287972802403 35.510561809129406 79.40403012442127 25.495097567963924 83.7615663654877 71.58910531638176 77.1621668954417 92.89241088485109 85.0881895447306 73.54590403278758 82.60750571225353 70.57619995437555 46.22769732530488 38.18376618407357 51.884487084291386 39.05124837953327 78.10249675906654 65.12296062065974 82.46211251235322 102.90286682109493 
30.479501308256342 53.75872022286245 59.941638282582836 46.010868281309364 11.40175425099138 37.12142238654117 58.0 70.178344238091 54.12947441089743 9.055385138137417 34.0 27.730849247724095 40.311288741492746 71.78439941937245 57.245087125446844 21.93171219946131 41.012193308819754 45.0 66.06814663663572 77.88452991448301 35.4682957019364 35.12833614050059 28.635642126552707 56.462376853972415 76.47875521999558 74.02702209328699 67.89698078707183 72.56031973468694 41.14608122288197 74.33034373659252 42.720018726587654 57.688820407423826 29.698484809834994 35.84689665786984 54.91812087098393 34.713109915419565 9.899494936611665 34.36568055487916 65.86349520030045 61.68468205316454 40.162171256046406 45.65084884205331 43.104524124504614 59.033888572581766 69.35416353759881 72.78049189171504 19.235384061671343 37.107950630558946 83.00602387778854 
43.829214001622255 66.2872536767062 68.8839603971781 58.008620049092706 24.698178070456937 46.66904755831214 70.0 79.98124780221924 53.23532661682466 19.235384061671343 18.0 25.317977802344327 55.362442142665635 78.39005038906404 72.53275122315436 35.34119409414458 43.657759905886145 56.08029957123981 79.07591289387686 83.6301381082203 33.13608305156178 51.088159097779204 43.68065933568311 71.47027354082255 70.60453243241541 84.8999411071645 67.1863081289633 81.68843247363729 55.97320787662612 78.92401408950256 58.249463516842795 67.88225099390856 21.587033144922902 33.06055050963308 70.71067811865476 47.885279575251516 24.041630560342615 50.24937810560445 59.481089431852205 58.215118311311535 47.80167361086848 55.17245689653489 47.01063709417264 63.97655820689325 64.32728814430156 71.0 34.20526275297414 21.93171219946131 93.34880824091971 16.0 
41.86884283091664 49.73932046178355 52.009614495783374 41.340053217188775 11.40175425099138 29.698484809834994 53.25410782277739 63.0317380372777 41.593268686170845 5.830951894845301 32.31098884280702 15.264337522473747 49.64876634922564 62.16912416947821 58.42088667591412 33.60059523282288 29.154759474226502 39.20459156782532 62.64982043070834 67.77905281132217 22.847319317591726 40.024992192379 38.41874542459709 56.88585061331157 64.00781202322104 67.94115100585212 55.44366510251645 64.81512169239521 50.80354318352215 63.60031446463138 51.0 50.91168824543142 19.235384061671343 23.259406699226016 62.03224967708329 46.09772228646444 21.95449840010015 41.6293165929973 53.53503525729669 49.040799340956916 31.064449134018133 38.2099463490856 31.78049716414141 48.38388161361178 56.79788728465171 60.207972893961475 29.698484809834994 32.14031735997639 76.38062581571324 12.649110640673518 16.97056274847714 
33.95585369269929 33.94112549695428 42.05948168962618 26.40075756488817 8.94427190999916 20.09975124224178 38.28837943815329 51.42956348249516 47.70744176750625 14.560219778561036 50.695167422546305 29.546573405388315 36.40054944640259 55.57877292636101 39.45883931389772 28.0178514522438 32.2490309931942 25.942243542145693 46.22769732530488 62.289646009589745 34.40930106817051 22.360679774997898 27.313000567495326 38.07886552931954 74.33034373659252 54.644304369257 59.93329625508679 54.230987451824994 38.01315561749642 60.00833275470999 36.069377593742864 38.91015291668744 36.87817782917155 35.22782990761707 45.27692569068709 37.64306044943742 21.540659228538015 26.1725046566048 65.11528238439882 57.62811813689564 25.079872407968907 27.892651361962706 32.31098884280702 45.17742799230607 66.60330322138685 65.76473218982953 22.090722034374522 51.15662224971465 63.812224534175265 19.849433241279208 33.61547262794322 19.026297590440446 
67.80117993073571 71.80529228406496 67.11929677819934 63.34824385884742 39.84971769034255 49.47726750741192 74.04052944165107 78.77182237323191 37.73592452822641 34.17601498127012 21.213203435596427 19.4164878389476 77.41446893184762 71.58910531638176 85.0235261559999 59.20304046246274 36.05551275463989 59.90826320300064 84.64632301523794 74.96665925596525 21.633307652783937 68.41052550594829 65.86349520030045 83.00602387778854 47.16990566028302 85.42833253669417 50.15974481593781 79.07591289387686 78.39005038906404 68.76772498781678 79.20227269466452 68.54195795277518 10.0 20.808652046684813 90.47651629014017 72.00694410957877 47.20169488482379 70.00714249274856 36.05551275463989 38.3275357934736 47.16990566028302 56.302753041036986 40.496913462633174 55.97320787662612 42.04759208325728 52.20153254455275 56.60388679233962 13.0 92.28217596047462 37.44329045369811 25.80697580112788 28.460498941515414 46.69047011971501 
95.2732911156112 36.71511950137164 33.12099032335839 43.60045871318328 78.10249675906654 53.81449618829484 31.906112267087632 21.470910553583888 69.85699678629192 82.07313811473277 114.20157617125956 81.83520025025906 87.32124598286491 34.0147027033899 50.08991914547278 93.47192091746055 64.40496875241847 44.598206241955516 27.65863337187866 36.49657518178932 78.71467461661771 69.57010852370435 86.7294644281861 47.265209192385896 92.00543462209176 15.556349186104045 68.0294054067798 21.840329667841555 89.26925562588724 43.18564576337837 82.56512580987206 32.64965543462902 91.58602513484249 79.60527620704548 79.05694150420949 97.082439194738 90.97252332435328 77.4919350642375 90.79647570252934 78.77182237323191 53.823786563191554 45.45327270945405 59.93329625508679 47.29693436154187 86.20904824900923 73.02739212103907 87.65842800324451 110.6752004741803 8.246211251235321 89.49860334105779 100.44899203078147 83.48652585896721 70.0 100.23971268913334 
52.80151512977634 72.94518489934754 73.55270219373317 64.4980619863884 32.7566787083184 52.20153254455275 76.32168761236873 84.95881355103778 52.88667128870941 26.92582403567252 9.219544457292887 26.419689627245813 64.5600495662759 81.60882305241266 80.8084154033477 44.384682042344295 45.79301256742124 62.12889826803627 85.88364221433555 86.28441342444185 33.24154027718932 60.00833275470999 52.88667128870941 79.55501241279521 66.75327707311455 90.4267659490264 66.49060083951716 86.2670273047588 65.14598989960932 81.00617260431454 67.468511173732 73.24616030891995 19.4164878389476 32.89376840679705 79.90619500389191 56.79788728465171 33.24154027718932 59.413803110051795 55.57877292636101 56.142675390472796 52.3450093132096 60.440052945046304 49.64876634922564 66.57326790837296 61.1310068623117 69.58448102845921 43.41658669218482 13.038404810405298 98.49365461794989 25.079872407968907 9.219544457292887 23.259406699226016 41.48493702538308 19.924858845171276 105.89145385724005 
43.829214001622255 22.847319317591726 42.05948168962618 24.758836806279895 41.593268686170845 35.35533905932738 27.202941017470888 44.14748010928823 69.6419413859206 47.51841748206689 83.54639429682169 60.67124524847005 33.83784863137726 57.697486947006624 6.708203932499369 44.553338819890925 55.00909015790027 29.0 26.1725046566048 64.88451279003334 63.324560795950255 18.384776310850235 35.608987629529715 7.211102550927978 97.94386147176351 42.04759208325728 77.98717843338096 48.507731342539614 35.73513677041127 66.37017402418047 28.861739379323623 35.77708763999664 69.18092222571191 64.28841264178172 26.68332812825267 44.77722635447622 47.01063709417264 25.238858928247925 90.78546139112804 80.77747210701756 41.340053217188775 35.38361202590826 52.478567053607705 55.97320787662612 90.21086409075129 84.38601779915912 39.824615503479755 84.29116205154607 51.0098029794274 50.59644256269407 65.96969000988257 52.15361924162119 33.13608305156178 79.1580697086532 53.75872022286245 74.33034373659252 
21.2602916254693 53.600373133029585 62.625873247404705 46.647615158762406 15.0 40.26164427839479 58.249463516842795 72.01388754955533 61.68468205316454 16.15549442140351 41.43669871020132 36.359317925395686 31.622776601683793 75.7099729229908 53.23532661682466 12.727922061357855 47.67598976424087 46.51881339845203 65.11528238439882 82.20097323024831 43.829214001622255 29.410882339705484 19.924858845171276 53.0 85.0881895447306 74.94664769020693 75.18643494673756 74.84650960465692 32.31098884280702 79.30952023559341 34.52535300326414 59.50630218724736 38.897300677553446 44.294469180700204 47.16990566028302 25.495097567963924 1.0 27.018512172212592 74.62573282722254 69.85699678629192 44.40720662234904 48.38388161361178 49.16299421312742 64.1248781675256 77.82673062643708 80.36168241145776 10.44030650891055 45.5411901469428 84.21995013059554 9.219544457292887 23.769728648009426 21.095023109728988 20.615528128088304 46.61544808322666 90.13878188659973 32.984845004941285 46.52956049652737 
26.248809496813376 37.013511046643494 54.3415126767741 35.17101079013795 34.20526275297414 40.22437072223753 42.0 59.033888572581766 73.55270219373317 40.024992192379 74.0 57.697486947006624 16.278820596099706 70.09279563550022 23.600847442411894 28.30194339616981 57.982756057296896 38.27531841800928 43.41658669218482 77.3692445355388 62.433965115151864 5.830951894845301 18.439088914585774 25.059928172283335 101.23734488813898 58.309518948453004 84.20213774008353 63.12685640834652 18.24828759089466 77.4919350642375 12.041594578792296 48.662100242385755 64.51356446515724 63.28506932918696 17.204650534085253 26.92582403567252 33.734255586866 7.810249675906654 92.61749294814668 84.17244204607586 46.61544808322666 43.86342439892262 56.72741841473134 64.8459713474939 93.43446901438462 90.4267659490264 24.698178070456937 76.53103945458993 67.60177512462228 40.0 56.0 45.60701700396552 28.178005607210743 74.04052944165107 71.06335201775947 65.03076195155643 17.88854381999832 33.54101966249684 
50.20956084253277 55.154328932550705 54.48853090330111 46.61544808322666 20.248456731316587 33.61547262794322 58.137767414994535 65.94694837519019 37.013511046643494 14.7648230602334 27.202941017470888 9.0 58.52349955359813 62.68173577685928 66.06814663663572 41.773197148410844 27.313000567495326 43.829214001622255 68.15423684555495 67.60177512462228 17.029386365926403 48.76474136094644 47.20169488482379 64.28063471995279 56.859475903318 71.61005515987263 51.0098029794274 67.17886572427373 59.64059020499378 62.64982043070834 59.941638282582836 54.405882034941776 10.295630140987 17.11724276862369 70.9365914038728 54.45181356024793 29.832867780352597 50.566787519082126 46.06517122512408 42.95346318982906 33.301651610693426 41.617304093369626 30.886890422961002 47.885279575251516 49.9799959983992 55.14526271584895 38.28837943815329 25.0 79.51100552753688 20.0 16.492422502470642 8.94427190999916 27.16615541441225 19.6468827043885 87.00574693662483 19.1049731745428 60.0 29.068883707497267 54.405882034941776 
87.66413177577246 65.25335240430181 52.009614495783374 58.52349955359813 54.644304369257 46.06517122512408 65.11528238439882 62.20128616033595 13.038404810405298 51.478150704935004 54.91812087098393 31.38470965295043 92.84934033152847 49.040799340956916 85.492689745966 79.75587752636166 26.419689627245813 54.08326913195984 75.95393340703298 49.658836071740545 23.706539182259394 77.98717843338096 82.80096617793781 82.46211251235322 17.804493814764857 70.11419257183242 18.384776310850235 60.67124524847005 94.36630754670864 42.485291572496 92.63368717696602 56.32051136131489 33.13608305156178 23.259406699226016 100.89598604503551 91.80958555619343 68.42514157822401 82.73451516749222 9.486832980505138 5.0 40.311288741492746 48.08326112068523 29.154759474226502 35.22782990761707 10.295630140987 18.788294228055936 75.16648189186454 46.57252408878007 74.14849964766651 59.09314681077663 54.589376255824725 46.51881339845203 56.586217403180434 33.734255586866 82.37718130647589 52.009614495783374 81.41252974819048 67.53517601961218 83.73768566183328 39.84971769034255 
77.98717843338096 75.23961722390672 67.67569726275453 67.06713054842886 48.30113870293329 53.03772242470448 76.79192665899195 79.12016177940993 33.301651610693426 43.04648650006177 31.064449134018133 24.73863375370596 86.82165628459296 69.6419413859206 90.79647570252934 69.42621983083913 36.40054944640259 63.198101237299845 87.69264507357501 72.00694410957877 23.08679276123039 76.32168761236873 75.45197147855052 88.45903006477066 37.013511046643494 86.33075929238663 43.829214001622255 78.79086241436883 87.92041856133307 65.29931086925804 88.19297024139736 70.09279563550022 18.027756377319946 22.090722034374522 98.89893831583835 82.21921916437786 57.38466694161429 78.71467461661771 26.1725046566048 30.886890422961002 49.49747468305833 58.69412236331676 40.80441152620633 54.20332093147061 32.7566787083184 44.721359549995796 66.40030120413611 22.0 92.30926280715278 47.50789408087881 36.89173349139343 37.21558813185679 54.08326913195984 11.180339887498949 100.46392387319938 31.016124838541646 85.32877591996736 56.72741841473134 82.0792300158816 28.30194339616981 25.942243542145693 
30.01666203960727 31.016124838541646 48.05205510693585 28.861739379323623 31.144823004794873 34.20526275297414 36.05551275463989 53.0 67.89698078707183 37.12142238654117 72.24956747275377 53.48831648126533 22.02271554554524 63.788713735268246 20.615528128088304 30.4138126514911 52.40229002629561 31.953090617340916 38.27531841800928 71.06335201775947 57.706152185014034 4.242640687119285 21.633307652783937 21.2602916254693 95.77577981932593 52.61178575186362 78.24321056807422 57.0350769263968 24.020824298928627 71.16881339463234 18.24828759089466 42.42640687119285 60.876925020897694 58.59180830116101 22.627416997969522 31.38470965295043 33.61547262794322 11.704699910719626 87.41853350405736 78.64477096412705 40.607881008493905 37.57658845611187 50.93132631298737 58.59180830116101 87.96590248499699 84.50443775329198 25.80697580112788 74.06078584514209 61.98386886924694 38.47076812334269 54.3323108288245 42.42640687119285 24.041630560342615 70.61161377563892 65.80273550544841 63.12685640834652 14.142135623730951 33.24154027718932 6.324555320336759 50.99019513592785 78.40918313565064 78.10889834071403 
55.14526271584895 93.60555539069249 97.6165969494942 85.63293758829018 51.088159097779204 75.16648189186454 97.67292357659824 108.57716150277645 79.81227975693966 46.66904755831214 24.08318915758459 52.92447448959697 69.46221994724903 107.18675291284833 96.15092303249095 48.83646178829912 72.01388754955533 84.1486779456457 106.04244433244644 112.29425630903836 60.08327554319921 72.2357252334328 59.22837157984339 95.77055915050303 92.04890004774636 113.17243480636087 93.39164844888434 110.42191811411355 69.26037828369117 107.35455276791944 73.97972695272672 96.33275663033837 46.32493928760188 59.77457653551382 87.13208364316786 58.008620049092706 42.5440947723653 68.6804193347711 81.00617260431454 82.73451516749222 76.60939890117922 83.73768566183328 75.59100475585703 92.59049627256569 87.05170877128145 96.33794683301072 51.24451190127583 33.24154027718932 121.82774724995944 40.0 28.844410203711913 45.60701700396552 59.81638571495272 45.0111097397076 128.7245120402482 26.92582403567252 89.44271909999159 42.95346318982906 75.8946638440411 44.721359549995796 78.40918313565064 55.14526271584895 76.15773105863909 
49.040799340956916 76.27581530209953 78.64477096412705 68.00735254367721 34.438350715445125 56.586217403180434 80.0 89.8276126811795 60.41522986797286 29.154759474226502 11.661903789690601 33.24154027718932 61.814237842102365 87.66413177577246 81.9084855189009 41.0 52.32590180780452 66.06814663663572 89.04493247793498 92.66067126888301 40.52159917870962 59.682493245507096 50.35871324805669 80.99382692526635 74.81310045707235 94.847245611035 74.14849964766651 91.43850392476902 62.16912416947821 87.66413177577246 65.27633568147036 77.79460135510689 27.16615541441225 40.26164427839479 78.10249675906654 52.81098370604357 31.016124838541646 58.008620049092706 63.63961030678928 64.07027391856539 57.48912940721924 65.05382386916237 55.94640292279746 72.94518489934754 69.18092222571191 77.41446893184762 41.10960958218893 19.209372712298546 103.23759005323593 24.73863375370596 10.0 26.90724809414742 43.382023926967726 27.892651361962706 110.39021695784459 8.06225774829855 75.28612089887484 31.0 64.28063471995279 25.059928172283335 60.0 38.897300677553446 63.150613615387776 19.697715603592208 
30.675723300355934 28.635642126552707 44.28317965096906 25.079872407968907 26.0 28.844410203711913 33.734255586866 50.24937810560445 62.22539674441618 32.0 67.60177512462228 47.75981574503821 25.317977802344327 59.841457201508724 23.259406699226016 29.410882339705484 46.69047011971501 27.65863337187866 37.589892258425 67.08203932499369 51.884487084291386 6.324555320336759 22.135943621178654 23.021728866442675 90.02777349240623 50.695167422546305 72.80109889280519 54.08326913195984 27.294688127912362 66.76076692189807 22.47220505424423 39.01281840626232 55.31726674375732 52.773099207835045 28.319604517012593 32.7566787083184 30.528675044947494 14.035668847618199 81.60882305241266 72.91776189653656 35.22782990761707 32.89376840679705 45.34313619501854 53.71219600798314 82.21921916437786 79.02531240052139 24.08318915758459 69.0 60.166435825965294 34.20526275297414 49.8196748283246 37.12142238654117 18.439088914585774 65.11528238439882 64.62197768561404 58.42088667591412 16.55294535724685 30.01666203960727 11.40175425099138 45.5411901469428 72.62231062146122 72.42237223399962 5.830951894845301 72.89718787443039 58.9406481131655 
60.8276253029822 75.76938695805846 74.2024258363566 67.23094525588644 38.01315561749642 54.120236510939236 78.7210264160726 85.80209787645055 49.24428900898052 32.01562118716424 8.54400374531753 25.495097567963924 72.11102550927978 80.72174428244226 85.70880934886448 52.32590180780452 44.598206241955516 64.40496875241847 88.76936408468859 84.81155581640984 30.805843601498726 66.18912297349165 60.40695324215582 84.17244204607586 60.13318551349163 91.80958555619343 62.297672508690084 86.68333173107735 72.80109889280519 79.05694150420949 74.72616676907762 74.62573282722254 16.401219466856727 30.23243291566195 86.88498144098322 64.88451279003334 40.85339643163099 66.2872536767062 49.040799340956916 50.99019513592785 53.25410782277739 61.91122676865643 48.79549159502341 65.29931086925804 55.036351623268054 64.76109943476871 50.92150822589606 5.0990195135927845 99.40321926376429 32.01562118716424 17.0 27.294688127912362 46.2709412050371 13.0 107.07474025184464 8.48528137423857 79.40403012442127 40.496913462633174 71.449282711585 20.615528128088304 46.52956049652737 23.53720459187964 69.02897942168927 32.01562118716424 15.652475842498529 64.00781202322104 
78.64477096412705 37.73592452822641 21.37755832643195 33.24154027718932 48.0 26.0 36.24913792078372 31.064449134018133 18.439088914585774 48.373546489791295 70.21395872616783 37.21558813185679 78.92401408950256 19.4164878389476 60.440052945046304 72.56031973468694 17.88854381999832 29.0 46.486557196677836 22.80350850198276 31.240998703626616 60.8276253029822 71.56814934033156 57.0087712549569 43.41658669218482 39.01281840626232 20.591260281974 29.614185789921695 80.77747210701756 17.46424919657298 76.92203845452875 26.570660511172846 45.60701700396552 31.89043743820395 81.8413098624405 82.22530024268686 64.0 67.62396025078685 40.0 28.0178514522438 19.924858845171276 22.67156809750927 14.560219778561036 4.123105625617661 36.49657518178932 26.92582403567252 66.75327707311455 64.4437739428721 43.174066289845804 57.42821606144492 61.465437442517235 46.32493928760188 44.721359549995796 52.3450093132096 51.419840528729765 63.631753079732135 57.982756057296896 63.0 65.86349520030045 45.18849411078001 31.144823004794873 50.24937810560445 59.682493245507096 89.89994438263018 70.21395872616783 54.589376255824725 62.00806399170998 
21.470910553583888 47.095647357266465 64.53681120105021 45.35416188179427 39.824615503479755 49.73932046178355 52.03844732503075 69.1158447825099 82.3286098510111 45.18849411078001 76.6550715869472 64.35060217278468 7.810249675906654 80.2807573457052 31.38470965295043 26.476404589747453 66.70832032063167 48.38388161361178 52.773099207835045 87.55569655939013 69.81403870282824 14.7648230602334 16.1245154965971 33.52610922848042 109.60383204979651 68.11754546370561 93.47726996441435 73.24616030891995 9.433981132056603 87.5956619930462 2.23606797749979 58.855755878248644 70.21395872616783 70.60453243241541 12.0 20.615528128088304 35.12833614050059 9.433981132056603 100.56838469419701 92.69843580125827 56.08029957123981 53.85164807134504 65.80273550544841 74.73285756613352 101.83319694480774 99.62429422585637 25.019992006393608 80.2807573457052 77.31752712031083 43.174066289845804 58.855755878248644 50.99019513592785 35.4682957019364 79.30952023559341 80.4114419718985 68.06614430096654 26.68332812825267 35.22782990761707 10.198039027185569 59.93329625508679 91.93475947648963 88.11923740024082 16.492422502470642 75.31268153505093 66.12110101926616 21.02379604162864 75.18643494673756 75.59100475585703 
20.09975124224178 55.14526271584895 72.56721022610694 53.36665625650534 45.0 57.245087125446844 60.07495318350236 77.1621668954417 89.20201791439474 49.92995093127971 79.07591289387686 69.81403870282824 6.324555320336759 88.29496021857646 38.600518131237564 27.16615541441225 73.60027173862879 56.32051136131489 60.530983801686226 95.56673061269805 75.7429864739964 22.47220505424423 18.027756377319946 41.0 116.10340218959993 76.05918747922567 100.70253224224304 81.30190649671138 6.0 95.50916186418976 6.324555320336759 66.91038783328041 74.94664769020693 76.48529270389177 13.601470508735444 17.72004514666935 37.64306044943742 15.811388300841896 106.77546534667971 99.35793878699377 63.52952069707436 61.68468205316454 72.94518489934754 82.46211251235322 108.37435120913067 106.78014796768171 27.51363298439521 83.48652585896721 85.21150157109074 46.61544808322666 61.68468205316454 55.758407437802596 41.773197148410844 83.64807230295268 88.11923740024082 70.8801805866774 34.36568055487916 37.94733192202055 18.24828759089466 64.66065264130884 98.35141076771599 92.9623579735368 24.515301344262525 75.23961722390672 68.06614430096654 28.792360097775937 78.43468620451031 83.19254774317228 8.06225774829855 
