1118.033988749895 
3621.118611699981 2926.174977679906 
3891.336531321854 3360.4315199093107 700.0 
5205.849882584015 4555.532131376092 1629.4394741750918 1368.8948096913803 
4884.327282236521 4049.154603123966 1367.7547294745502 1628.0519033495216 1115.0004484304031 
4650.0 3684.0874039577293 1627.8820596099706 2163.3307652783938 2013.8204984556096 905.8438055205764 
4975.188438642299 3950.0 2193.171219946131 2745.906043549196 2512.3043207382343 1400.8401050798054 583.09518948453 
6247.599539022968 5392.8192997726155 2700.0 2789.2651361962708 1624.4608336306542 1363.8009385537173 1860.1075237738273 2000.0 
6408.002808988148 5640.257086339238 2789.2651361962708 2700.0 1362.9647831107009 1624.7316701535672 2343.074902771996 2594.2243542145693 700.0 
8009.313890714984 7204.381236442169 4398.171097172096 4308.121284272299 2950.000677966024 3155.327241349144 3697.1217183100694 3762.566810038062 1843.287552174104 1616.696941297286 
7803.1511583462225 6893.995068173461 4307.025423653778 4396.779275788131 3153.102757602422 2950.0001694915204 3227.703208165212 3128.7166698184737 1615.4466874521115 1841.4309653093162 1118.0004472271019 
8500.0 7516.648189186454 5168.413683133346 5361.203223158025 4207.12170016509 3804.294021234426 3850.0 3585.0383540486705 2594.7061490658243 2960.152023123137 2144.3201719892486 1164.1168326246298 
8664.438816218855 7650.0 5440.588203494177 5685.9475903318 4592.327623330026 4092.3774263867695 4031.128874149275 3700.0 2968.164415931166 3397.057550292606 2665.4660005334904 1656.5228643154915 522.0153254455275 
9414.483522743029 8501.911549763383 5900.0 5941.3803110051795 4636.773986296938 4552.708314838543 4827.007354458868 4681.87996428785 3200.0 3275.66787083184 1838.0720878137506 1611.480065033384 1390.1438774457845 1746.424919657298 
9521.685775113565 8660.975695613053 5941.3803110051795 5900.0 4551.754936285564 4637.558948412408 5032.891812864647 4964.876634922563 3275.66787083184 3200.0 1610.7479629041907 1837.9521212479938 1990.6029237394382 2404.1630560342614 700.0 
9030.64228059112 8297.740656347365 5413.409276971399 5202.403290787825 3841.0380107465744 4281.104179998427 4911.720676097125 5020.4581464244875 3053.686296920494 2661.766330841233 1280.472178534153 2283.958843762295 3050.0 3553.167600887974 2127.204738618265 1511.6216457830974 
9408.108205160057 8727.112924673314 5813.776741499453 5536.244214266563 4202.650711158376 4763.019315518256 5448.853090330111 5597.320787662612 3606.9377593742865 3140.0636936215164 1913.2979381162777 2948.0956565213414 3703.039292257105 4200.0 2692.582403567252 2024.8456731316587 667.0832032063167 
6180.008090609591 5765.630928181235 3001.6662039607268 2420.7436873820407 1698.3736338038223 2810.898966522988 3712.142238654117 4200.0 2863.5642126552707 2247.220505424423 3273.058050203204 3966.871311247694 5127.621280866987 5597.320787662612 5110.772935672255 4792.702786528704 3609.0164865237175 3700.0 
5561.025085359713 5091.659847240387 2289.6506283710623 1732.7723451163456 1053.1728253235553 2162.3489542624707 3050.0 3562.653505464712 2460.1829200285088 1952.5624189766636 3272.645565899247 3778.8051021453857 4911.720676097125 5348.130514488217 5088.467352749745 4863.3835958106365 3850.0 4052.468383590426 715.8910531638177 
3832.75357934736 4200.0 3572.46413557925 3100.403199585499 4162.411920990041 4725.9340875640655 5197.3550965851855 5765.630928181235 5769.09871643743 5489.307788783573 6961.2577168210055 7312.617041798374 8363.013810822029 8727.112924673314 8745.427376635174 8563.439729454514 7528.113973632439 7650.0 3950.0 3707.424982383325 
3050.0 3688.156721182005 3962.953444086872 3669.4686263817543 4914.730206226991 5264.20487823185 5561.025085359713 6091.387362497972 6451.74395028197 6275.746967493193 7822.442649198522 8046.767549768043 9030.64228059112 9350.133688883812 9551.177937825261 9433.186100146651 8500.0 8674.387586452429 4992.494366546646 4650.0 1192.6860441876563 
1931.3207915827966 2860.0699292150184 4208.622102303793 4150.0 5506.929543765746 5576.257974663655 5644.68776815866 6100.204914590984 6885.673532778039 6850.0 8455.608138980897 8500.633388165848 9374.433316206372 9628.733042306241 10074.348614178487 10050.0 9284.53014427763 9541.095324961385 5960.914359391519 5494.087731370878 2549.5097567963926 1432.6548781894403 
4750.0 5344.389581607988 5022.449601539073 4539.273069556402 5530.585231239095 6159.192560717679 6647.1798531407285 7215.608082483416 7151.573253487655 6820.923691113983 8222.931898051935 8658.964603230574 9737.171047075224 10118.547326568178 10037.180879111425 9804.335775563788 8668.333173107734 8713.49528031088 5060.1383380299 4951.009997970111 1450.0 1700.0 3031.9135871591066 
4366.062299143246 4750.0 3990.613987846983 3464.8232278140827 4414.676998377118 5071.9476535153635 5602.23169817172 6177.782773778955 6036.969438385456 5703.069349043548 7114.816160660794 7540.932833542545 8620.469824783333 9004.720984017216 8924.404742054228 8702.011261771615 7595.393340703297 7669.745758498127 3988.1073205218536 3842.199890687625 550.0 1562.049935181331 2982.029510249689 1118.033988749895 
6791.538853603062 6806.247130394253 4750.0 4050.0 4073.2754633095956 5138.068995254929 5971.808771218315 6524.76053200422 5463.744137493995 4867.494221876385 5767.270498251318 6564.218765397753 7728.195132112025 8207.46611324104 7574.46367738337 7156.29093874753 5774.296493946254 5626.944108483752 2621.5453457836657 3046.3092423455632 3259.6012026013245 4443.253312607779 5798.706752371601 3621.118611699981 2926.174977679906 
7403.039916142558 7463.578230312857 5450.0 4750.0 4739.237596913664 5816.317821439953 6659.016443890194 7207.808266040378 6082.1460028512965 5463.744137493995 6255.190564643095 7107.754075655685 8270.731527501059 8760.279675900765 8031.96738041185 7574.46367738337 6144.306307468729 5929.797635670209 3220.6365830375835 3700.0 3758.324094593227 4914.519305079592 6307.535176279242 3891.336531321854 3360.4315199093107 700.0 
8290.921118910734 8193.983951656239 5817.52292646965 5139.296936352287 4750.0 5865.000085251491 6759.731725445915 7259.488480602473 5816.130414631364 5137.720603536163 5589.8125192174375 6565.558392094308 7703.140463473323 8214.49773266753 7258.6619290334775 6727.330302579174 5236.1314918554135 4914.34359808103 3061.53115287106 3711.1552109821546 4879.976741747854 6067.789795304382 7407.075873784472 5205.849882584015 4555.532131376092 1629.4394741750918 1368.8948096913803 
7409.632447024616 7224.379073664393 4739.910653166366 4073.8867190927144 3635.0001375515794 4750.0 5645.0467668567635 6144.7825836232805 4738.7712542388035 4072.5609878797395 4680.501041555273 5592.360950439447 6746.751292288756 7248.693192569265 6428.308720028932 5954.238238431512 4516.508939435413 4310.725344997058 1948.6284920425442 2597.451250745623 4269.713456427726 5457.366855911375 6711.233344177506 4884.327282236521 4049.154603123966 1367.7547294745502 1628.0519033495216 1115.0004484304031 
6647.1798531407285 6394.137940332535 3842.199890687625 3184.7291878588358 2746.2652821604834 3859.9939119122973 4750.0 5258.564442887431 3946.2007044751285 3309.4561486745824 4139.590438678686 4950.410892037145 6114.327436439759 6600.189391222043 5950.840276801252 5549.099025968089 4208.622102303793 4135.516896350443 1092.0164833920778 1700.0 3798.025802966589 4951.009997970111 6109.418957642371 4650.0 3684.0874039577293 1627.8820596099706 2163.3307652783938 2013.8204984556096 905.8438055205764 
6524.185772952821 6177.782773778955 3488.911004883902 2872.716484444645 2246.813966486767 3360.2608529696026 4260.575078554537 4750.0 3370.830758136635 2728.094573140748 3588.0926688144496 4373.484651853713 5537.598757584374 6021.004899516359 5411.330705103875 5036.119537898202 3747.3323845103464 3740.655022853618 550.0 1236.9316876852981 3988.1073205218536 5093.378053904894 6158.327695080865 4975.188438642299 3950.0 2193.171219946131 2745.906043549196 2512.3043207382343 1400.8401050798054 583.09518948453 
8487.932610477064 8175.879157619687 5463.744137493995 4867.494221876385 4071.286406039251 5137.017909254357 6039.246641759219 6462.391198310421 4750.0 4050.0 4161.154767609588 5210.3903884449965 6304.363568196238 6824.404735945839 5727.34668061922 5161.637337124723 3655.475345286848 3297.3474187595093 2462.214450449026 3176.4760348537184 5580.770556114989 6757.403347440494 7957.700672933105 6247.599539022968 5392.8192997726155 2700.0 2789.2651361962708 1624.4608336306542 1363.8009385537173 1860.1075237738273 2000.0 
8984.70923291344 8730.692985095742 6082.1460028512965 5463.744137493995 4737.52815295065 5815.389324886168 6719.560997565242 7151.3984646361305 5450.0 4750.0 4814.686801859494 5880.4224338052445 6958.807369082722 7480.140373014399 6320.0079113874535 5727.34668061922 4215.744299646268 3791.1080174534727 3092.3292192132453 3807.886552931954 5886.000339789321 7076.192479010163 8335.7663115037 6408.002808988148 5640.257086339238 2789.2651361962708 2700.0 1362.9647831107009 1624.7316701535672 2343.074902771996 2594.2243542145693 700.0 
10286.233956118245 9915.170649060963 7109.951406303703 6566.384773983322 5593.210527058677 6567.350302823811 7438.158979209842 7782.313859001062 5882.619229560927 5212.60098223526 4750.0 5868.0000852079065 6801.14762374704 7315.203961613101 5880.987077013518 5210.758965832137 3784.4562357094314 3188.7629262772107 4149.748064641997 4836.600975892057 7413.946924547005 8594.946713040168 9800.755532100573 8009.313890714984 7204.381236442169 4398.171097172096 4308.121284272299 2950.000677966024 3155.327241349144 3697.1217183100694 3762.566810038062 1843.287552174104 1616.696941297286 
9587.787440280474 9127.63211353306 6255.954603415853 5767.85644758952 4680.0167734742145 5590.6619464961395 6438.522190689413 6750.953117893799 4816.240027241167 4162.615523922429 3632.000137665196 4750.0 5691.367849647394 6207.299573888794 4814.911006446537 4161.077745007897 2697.77093171381 2139.571919800781 3409.188759807823 4042.3839500967742 7025.7290013207885 8173.858819431615 9284.248380994553 7803.1511583462225 6893.995068173461 4307.025423653778 4396.779275788131 3153.102757602422 2950.0001694915204 3227.703208165212 3128.7166698184737 1615.4466874521115 1841.4309653093162 1118.0004472271019 
9737.171047075224 9154.916711800277 6230.971031869752 5848.504082241886 4602.865737776847 5343.374682726264 6114.327436439759 6337.586291325744 4341.082814229648 3771.604433129222 2840.0015845066 3929.8432538715842 4750.0 5252.142420003479 3747.6659402887017 3070.0162866017504 1700.0 1060.6601717798212 3702.026472082554 4208.622102303793 7573.143336818603 8668.333173107734 9661.392239216872 8500.0 7516.648189186454 5168.413683133346 5361.203223158025 4207.12170016509 3804.294021234426 3850.0 3585.0383540486705 2594.7061490658243 2960.152023123137 2144.3201719892486 1164.1168326246298 
9637.68644437035 9004.720984017216 6079.679267856159 5748.260606479146 4452.636634624479 5106.52063542291 5836.308764964376 6021.004899516359 4021.5046935195787 3500.3571246374277 2412.925402908262 3475.9988492518232 4252.646234992983 4750.0 3226.8405600525107 2548.038461248181 1209.3386622447824 550.0 3740.655022853618 4176.12260356422 7669.745758498127 8732.840316872856 9665.660867214408 8664.438816218855 7650.0 5440.588203494177 5685.9475903318 4592.327623330026 4092.3774263867695 4031.128874149275 3700.0 2968.164415931166 3397.057550292606 2665.4660005334904 1656.5228643154915 522.0153254455275 
11029.279214889793 10490.233553167442 7574.46367738337 7156.29093874753 5952.828991328409 6727.269356878763 7504.165509901817 7725.444971003289 5727.34668061922 5161.637337124723 4158.8470758132 5209.161928755911 5911.429607125505 6388.466169590319 4750.0 4050.0 2926.174977679906 2261.0838109190026 4897.193073588175 5470.831746635972 8622.354666794912 9760.251021362104 10835.35878501492 9414.483522743029 8501.911549763383 5900.0 5941.3803110051795 4636.773986296938 4552.708314838543 4827.007354458868 4681.87996428785 3200.0 3275.66787083184 1838.0720878137506 1611.480065033384 1390.1438774457845 1746.424919657298 
11415.99754730177 10928.174595969813 8031.96738041185 7574.46367738337 6426.894506680501 7258.509006676233 8061.792604625847 8310.38506929733 6320.0079113874535 5727.34668061922 4812.692489656907 5879.3339758853635 6604.922406811454 7084.666541200087 5450.0 4750.0 3601.735692690401 2934.706118165838 5242.37541578243 5860.034129593445 8822.9813555283 9983.611570969695 11115.979489005906 9521.685775113565 8660.975695613053 5941.3803110051795 5900.0 4551.754936285564 4637.558948412408 5032.891812864647 4964.876634922563 3275.66787083184 3200.0 1610.7479629041907 1837.9521212479938 1990.6029237394382 2404.1630560342614 700.0 
11536.463929644993 11186.59912573969 8390.0238378684 7842.3529632375 6871.322507348931 7834.657171823155 8698.419396649026 9027.319646495298 7100.176054155277 6443.7954654070145 5837.988437809722 6948.3788037210525 7800.0 8301.355311032048 6753.702688155587 6059.909240244445 4750.0 4102.742984882188 5423.329235810786 6114.327436439759 8547.51425854324 9737.171047075224 10983.624174196784 9030.64228059112 8297.740656347365 5413.409276971399 5202.403290787825 3841.0380107465744 4281.104179998427 4911.720676097125 5020.4581464244875 3053.686296920494 2661.766330841233 1280.472178534153 2283.958843762295 3050.0 3553.167600887974 2127.204738618265 1511.6216457830974 
12092.352955483891 11773.911839316617 9003.471552684554 8441.711911691846 7503.250828807471 8480.292035065773 9348.93042010689 9684.652807406159 7763.536565251689 7104.400045042508 6502.16956100039 7611.160752473961 8451.33125608031 8950.0 7383.258088405145 6686.74061108998 5402.082931610732 4750.0 6021.004899516359 6720.119046564577 9004.720984017216 10197.180982997214 11473.665499743314 9408.108205160057 8727.112924673314 5813.776741499453 5536.244214266563 4202.650711158376 4763.019315518256 5448.853090330111 5597.320787662612 3606.9377593742865 3140.0636936215164 1913.2979381162777 2948.0956565213414 3703.039292257105 4200.0 2692.582403567252 2024.8456731316587 667.0832032063167 
9793.109822727405 9782.893232576957 7501.499850029993 6817.074152449862 6443.676978247746 7558.449113409443 8455.323766716447 8950.0 7447.314952383846 6757.403347440494 7023.560991405998 8060.680368306387 9165.424158215483 9684.652807406159 8566.358619623627 7973.863555391452 6462.391198310421 6021.004899516359 4750.0 5408.326913195984 6177.782773778955 7325.469268244868 8726.11024454768 6180.008090609591 5765.630928181235 3001.6662039607268 2420.7436873820407 1698.3736338038223 2810.898966522988 3712.142238654117 4200.0 2863.5642126552707 2247.220505424423 3273.058050203204 3966.871311247694 5127.621280866987 5597.320787662612 5110.772935672255 4792.702786528704 3609.0164865237175 3700.0 
9080.886520599186 9067.110895980042 6806.614430096654 6118.823416311342 5794.020452155826 6908.672303706408 7800.0 8305.419917138446 6865.857557508749 6184.658438426491 6569.072156705238 7572.507378669235 8698.419396649026 9213.576938409968 8184.130986244049 7621.679604916491 6114.327436439759 5728.001396647875 4110.960958218893 4750.0 5489.307788783573 6647.1798531407285 8038.812101299544 5561.025085359713 5091.659847240387 2289.6506283710623 1732.7723451163456 1053.1728253235553 2162.3489542624707 3050.0 3562.653505464712 2460.1829200285088 1952.5624189766636 3272.645565899247 3778.8051021453857 4911.720676097125 5348.130514488217 5088.467352749745 4863.3835958106365 3850.0 4052.468383590426 715.8910531638177 
8508.965859609498 8950.0 7747.58026741253 7086.959855960806 7480.786923846983 8459.518485114859 9204.618405995981 9782.893232576957 8974.686624055461 8411.004696229815 9331.484822899301 10134.735714363744 11298.340586121485 11773.911839316617 11124.072995085928 10674.502330319667 9241.753080449618 9004.720984017216 6177.782773778955 6517.8600782772255 4750.0 5491.812087098392 6863.854602189647 3832.75357934736 4200.0 3572.46413557925 3100.403199585499 4162.411920990041 4725.9340875640655 5197.3550965851855 5765.630928181235 5769.09871643743 5489.307788783573 6961.2577168210055 7312.617041798374 8363.013810822029 8727.112924673314 8745.427376635174 8563.439729454514 7528.113973632439 7650.0 3950.0 3707.424982383325 
7800.0 8360.023923410747 7536.079882803791 6921.163197035597 7524.365288846628 8412.244230881555 9080.886520599186 9663.979511567686 9094.641279346866 8592.002094971811 9676.42025751259 10383.350518979893 11536.463929644993 11988.014848172319 11502.71707032734 11109.567948394753 9737.171047075224 9572.4866152949 6427.480066091221 6647.1798531407285 4220.189569201839 4750.0 6040.695324215582 3050.0 3688.156721182005 3962.953444086872 3669.4686263817543 4914.730206226991 5264.20487823185 5561.025085359713 6091.387362497972 6451.74395028197 6275.746967493193 7822.442649198522 8046.767549768043 9030.64228059112 9350.133688883812 9551.177937825261 9433.186100146651 8500.0 8674.387586452429 4992.494366546646 4650.0 1192.6860441876563 
6587.29838401146 7252.068670386402 6850.182479321263 6307.535176279242 7135.318703463778 7891.365724638543 8457.245414436074 9034.655499796327 8753.570700005797 8335.7663115037 9595.0408545248 10171.00132730303 11293.471565466483 11710.038428630369 11432.628744081563 11115.979489005906 9843.271813782245 9774.712271980183 6328.111882702454 6393.160407810835 3318.5087012090235 3569.3136595149494 4750.0 1931.3207915827966 2860.0699292150184 4208.622102303793 4150.0 5506.929543765746 5576.257974663655 5644.68776815866 6100.204914590984 6885.673532778039 6850.0 8455.608138980897 8500.633388165848 9374.433316206372 9628.733042306241 10074.348614178487 10050.0 9284.53014427763 9541.095324961385 5960.914359391519 5494.087731370878 2549.5097567963926 1432.6548781894403 
9500.0 10049.875621120891 9080.886520599186 8437.56481456587 8899.374865685792 9855.94505869427 10576.979720128047 11158.068829327054 10410.69161967638 9854.567468945555 10780.032884922011 11584.091159862304 12747.548783981962 13222.045983886155 12569.108958076544 12112.493550049881 10670.168695948532 10414.533114835249 7625.122949828416 7951.4149684191425 5885.575587824865 6450.0 7731.752712031082 4750.0 5344.389581607988 5022.449601539073 4539.273069556402 5530.585231239095 6159.192560717679 6647.1798531407285 7215.608082483416 7151.573253487655 6820.923691113983 8222.931898051935 8658.964603230574 9737.171047075224 10118.547326568178 10037.180879111425 9804.335775563788 8668.333173107734 8713.49528031088 5060.1383380299 4951.009997970111 1450.0 1700.0 3031.9135871591066 
9055.385138137417 9500.0 8271.184921158516 7605.425694857587 7959.326164946377 8954.253346873764 9711.977141653495 10288.46441409018 9430.402960637472 8852.259598543187 9719.213394097282 10551.26381055843 11715.374513859982 12197.233292841454 11494.890169114275 11025.538535599973 9573.531218939019 9306.58369112963 6610.030257116831 6980.329505116502 5300.0 6033.4484335245625 7397.972695272671 4366.062299143246 4750.0 3990.613987846983 3464.8232278140827 4414.676998377118 5071.9476535153635 5602.23169817172 6177.782773778955 6036.969438385456 5703.069349043548 7114.816160660794 7540.932833542545 8620.469824783333 9004.720984017216 8924.404742054228 8702.011261771615 7595.393340703297 7669.745758498127 3988.1073205218536 3842.199890687625 550.0 1562.049935181331 2982.029510249689 1118.033988749895 
11147.309092332553 11367.16763314415 9500.0 8800.0 8697.877499712215 9800.70165855486 10667.708282475669 11200.892821556681 9876.23410010111 9204.890004774636 9607.49233671305 10618.49650374289 11741.486277298969 12257.650672131263 11183.022847155415 10594.810050208545 9083.226299063566 8640.02314811714 7061.161377563892 7644.7694536853105 7322.055722268166 8300.903565275288 9729.465555722987 6791.538853603062 6806.247130394253 4750.0 4050.0 4073.2754633095956 5138.068995254929 5971.808771218315 6524.76053200422 5463.744137493995 4867.494221876385 5767.270498251318 6564.218765397753 7728.195132112025 8207.46611324104 7574.46367738337 7156.29093874753 5774.296493946254 5626.944108483752 2621.5453457836657 3046.3092423455632 3259.6012026013245 4443.253312607779 5798.706752371601 3621.118611699981 2926.174977679906 
11814.926999351286 12051.659636747132 10200.0 9500.0 9389.987912665276 10494.453439793804 11363.538181394033 11894.956914592 10551.303237041384 9876.23410010111 10238.159453729953 11262.04546252589 12377.095782129183 12894.960255851896 11783.462988442743 11183.022847155415 9672.900288951603 9208.69154657707 7746.612162745725 8336.815938954152 7985.142453331688 8942.315136473328 10366.894424078988 7403.039916142558 7463.578230312857 5450.0 4750.0 4739.237596913664 5816.317821439953 6659.016443890194 7207.808266040378 6082.1460028512965 5463.744137493995 6255.190564643095 7107.754075655685 8270.731527501059 8760.279675900765 8031.96738041185 7574.46367738337 6144.306307468729 5929.797635670209 3220.6365830375835 3700.0 3758.324094593227 4914.519305079592 6307.535176279242 3891.336531321854 3360.4315199093107 700.0 
12470.079109612738 12595.827602821499 10495.573971917876 9801.830084224068 9500.0 10615.000047103156 11509.017030137717 12008.89974144176 10494.802189655602 9801.003673093894 9945.577107438261 11017.98788345676 12087.260773227325 12609.18209084158 11357.890341080072 10720.096687996802 9230.686485847085 8704.2675165691 7809.383650455393 8459.383724598383 8684.910650087311 9726.591026664995 11159.223673714941 8290.921118910734 8193.983951656239 5817.52292646965 5139.296936352287 4750.0 5865.000085251491 6759.731725445915 7259.488480602473 5816.130414631364 5137.720603536163 5589.8125192174375 6565.558392094308 7703.140463473323 8214.49773266753 7258.6619290334775 6727.330302579174 5236.1314918554135 4914.34359808103 3061.53115287106 3711.1552109821546 4879.976741747854 6067.789795304382 7407.075873784472 5205.849882584015 4555.532131376092 1629.4394741750918 1368.8948096913803 
11448.740236375354 11537.445687846162 9390.833456088974 8698.709846868098 8385.000059630293 9500.0 10394.111457936171 10894.005369927077 9390.258409649865 8698.089043002492 8887.24310458536 9948.442139350262 11031.303322817299 11552.685964744303 10346.21442847576 9722.342978932598 8221.608905804265 7720.3207834908 6694.636136490168 7344.573030476312 7697.49654108399 8773.759342493957 10203.511797415633 7409.632447024616 7224.379073664393 4739.910653166366 4073.8867190927144 3635.0001375515794 4750.0 5645.0467668567635 6144.7825836232805 4738.7712542388035 4072.5609878797395 4680.501041555273 5592.360950439447 6746.751292288756 7248.693192569265 6428.308720028932 5954.238238431512 4516.508939435413 4310.725344997058 1948.6284920425442 2597.451250745623 4269.713456427726 5457.366855911375 6711.233344177506 4884.327282236521 4049.154603123966 1367.7547294745502 1628.0519033495216 1115.0004484304031 
10576.979720128047 10645.304129051457 8485.28137423857 7792.945527847606 7493.562103565967 8608.3420587242 9500.0 10004.498987955369 8532.877591996736 7844.7434629820755 8107.324404512256 9149.867102860018 10250.487793271108 10770.329614269009 9625.487000666511 9021.08640907513 7511.657606680432 7045.565981523415 5807.7534382926415 6450.0 6852.919086053767 7951.4149684191425 9376.166594083106 6647.1798531407285 6394.137940332535 3842.199890687625 3184.7291878588358 2746.2652821604834 3859.9939119122973 4750.0 5258.564442887431 3946.2007044751285 3309.4561486745824 4139.590438678686 4950.410892037145 6114.327436439759 6600.189391222043 5950.840276801252 5549.099025968089 4208.622102303793 4135.516896350443 1092.0164833920778 1700.0 3798.025802966589 4951.009997970111 6109.418957642371 4650.0 3684.0874039577293 1627.8820596099706 2163.3307652783938 2013.8204984556096 905.8438055205764 
10271.440989461995 10288.46441409018 8041.14419718985 7354.590403278758 6993.54509530038 8108.3508187546995 9004.99861188218 9500.0 7990.619500389191 7299.315036357863 7531.06293958562 8578.511992181395 9674.83849994407 10195.096860746346 9042.67659490264 8438.009243891594 6928.564064797265 6463.745044476925 5300.0 5957.558224642039 6610.030257116831 7739.832039521271 9152.185531336218 6524.185772952821 6177.782773778955 3488.911004883902 2872.716484444645 2246.813966486767 3360.2608529696026 4260.575078554537 4750.0 3370.830758136635 2728.094573140748 3588.0926688144496 4373.484651853713 5537.598757584374 6021.004899516359 5411.330705103875 5036.119537898202 3747.3323845103464 3740.655022853618 550.0 1236.9316876852981 3988.1073205218536 5093.378053904894 6158.327695080865 4975.188438642299 3950.0 2193.171219946131 2745.906043549196 2512.3043207382343 1400.8401050798054 583.09518948453 
12254.896980391144 12236.52319901368 9876.23410010111 9204.890004774636 8696.94618817433 9800.15066210719 10705.606008068857 11164.676439557037 9500.0 8800.0 8738.289821240767 9839.292047703431 10857.370768284558 11378.049041905208 10024.470060806207 9363.7599285757 7907.275131168764 7338.937252763509 7003.5705179572515 7697.564549907977 8610.023228772383 9737.812896128165 11151.793577716546 8487.932610477064 8175.879157619687 5463.744137493995 4867.494221876385 4071.286406039251 5137.017909254357 6039.246641759219 6462.391198310421 4750.0 4050.0 4161.154767609588 5210.3903884449965 6304.363568196238 6824.404735945839 5727.34668061922 5161.637337124723 3655.475345286848 3297.3474187595093 2462.214450449026 3176.4760348537184 5580.770556114989 6757.403347440494 7957.700672933105 6247.599539022968 5392.8192997726155 2700.0 2789.2651361962708 1624.4608336306542 1363.8009385537173 1860.1075237738273 2000.0 
12865.166147391956 12874.87864020473 10551.303237041384 9876.23410010111 9389.125252120135 10493.93886965233 11399.12277326637 11860.86000254619 10200.0 9500.0 9427.285346270155 10530.568265767997 11541.771961011878 12061.923561356207 10690.182411914215 10024.470060806207 8578.169968005997 8000.624975587844 7694.153624668538 8385.254915624211 9180.550092450887 10290.043731685497 11712.06642740725 8984.70923291344 8730.692985095742 6082.1460028512965 5463.744137493995 4737.52815295065 5815.389324886168 6719.560997565242 7151.3984646361305 5450.0 4750.0 4814.686801859494 5880.4224338052445 6958.807369082722 7480.140373014399 6320.0079113874535 5727.34668061922 4215.744299646268 3791.1080174534727 3092.3292192132453 3807.886552931954 5886.000339789321 7076.192479010163 8335.7663115037 6408.002808988148 5640.257086339238 2789.2651361962708 2700.0 1362.9647831107009 1624.7316701535672 2343.074902771996 2594.2243542145693 700.0 
13877.647819425309 13778.35654205537 11264.275786751672 10620.730153807694 9949.397167668 11019.486830156839 11920.93574347249 12332.757558632215 10532.697137960438 9841.428199199545 9500.0 10618.000047089847 11534.214711023893 12043.450875891012 10531.785651066015 9840.452682676747 8492.915223879254 7861.342697020656 8297.76530157367 9011.115857650482 10324.684450383944 11475.217165701048 12873.900302550117 10286.233956118245 9915.170649060963 7109.951406303703 6566.384773983322 5593.210527058677 6567.350302823811 7438.158979209842 7782.313859001062 5882.619229560927 5212.60098223526 4750.0 5868.0000852079065 6801.14762374704 7315.203961613101 5880.987077013518 5210.758965832137 3784.4562357094314 3188.7629262772107 4149.748064641997 4836.600975892057 7413.946924547005 8594.946713040168 9800.755532100573 8009.313890714984 7204.381236442169 4398.171097172096 4308.121284272299 2950.000677966024 3155.327241349144 3697.1217183100694 3762.566810038062 1843.287552174104 1616.696941297286 
12964.843539356732 12815.036792768096 10239.554091853804 9608.832811533355 8887.52254568167 9946.532109232845 10845.09419046234 11246.638075442812 9429.086275986661 8740.072539744737 8382.000059651635 9500.0 10418.885161090893 10928.955485315146 9428.407500739455 8739.340249698485 7380.004607044632 6751.982523674065 7254.934045186076 7970.40576131479 9506.4382394249 10677.006509317112 12052.334545638865 9587.787440280474 9127.63211353306 6255.954603415853 5767.85644758952 4680.0167734742145 5590.6619464961395 6438.522190689413 6750.953117893799 4816.240027241167 4162.615523922429 3632.000137665196 4750.0 5691.367849647394 6207.299573888794 4814.911006446537 4161.077745007897 2697.77093171381 2139.571919800781 3409.188759807823 4042.3839500967742 7025.7290013207885 8173.858819431615 9284.248380994553 7803.1511583462225 6893.995068173461 4307.025423653778 4396.779275788131 3153.102757602422 2950.0001694915204 3227.703208165212 3128.7166698184737 1615.4466874521115 1841.4309653093162 1118.0004472271019 
12747.548783981962 12500.0 9801.147891956329 9208.284313595013 8354.512134170373 9367.79872755601 10250.487793271108 10611.432514038808 8722.52830319283 8050.621094052309 7527.158095855301 8640.43795186332 9500.0 10001.124936725868 8442.89642243703 7746.773521925112 6450.0 5801.9393309478855 6800.1838210448395 7511.657606680432 9481.033698917012 10670.168695948532 11997.082978791135 9737.171047075224 9154.916711800277 6230.971031869752 5848.504082241886 4602.865737776847 5343.374682726264 6114.327436439759 6337.586291325744 4341.082814229648 3771.604433129222 2840.0015845066 3929.8432538715842 4750.0 5252.142420003479 3747.6659402887017 3070.0162866017504 1700.0 1060.6601717798212 3702.026472082554 4208.622102303793 7573.143336818603 8668.333173107734 9661.392239216872 8500.0 7516.648189186454 5168.413683133346 5361.203223158025 4207.12170016509 3804.294021234426 3850.0 3585.0383540486705 2594.7061490658243 2960.152023123137 2144.3201719892486 1164.1168326246298 
12482.888287571912 12197.233292841454 9457.801012920498 8881.441324469806 7980.443158120983 8973.881713060407 9848.857801796104 10195.096860746346 8286.132994346639 7621.679604916491 7047.319277569309 8157.577336440029 9001.249913206499 9500.0 7930.952023559341 7233.94774656273 5951.890455981192 5300.0 6463.745044476925 7169.553682064177 9306.58369112963 10498.809456314559 11800.953351318698 9637.68644437035 9004.720984017216 6079.679267856159 5748.260606479146 4452.636634624479 5106.52063542291 5836.308764964376 6021.004899516359 4021.5046935195787 3500.3571246374277 2412.925402908262 3475.9988492518232 4252.646234992983 4750.0 3226.8405600525107 2548.038461248181 1209.3386622447824 550.0 3740.655022853618 4176.12260356422 7669.745758498127 8732.840316872856 9665.660867214408 8664.438816218855 7650.0 5440.588203494177 5685.9475903318 4592.327623330026 4092.3774263867695 4031.128874149275 3700.0 2968.164415931166 3397.057550292606 2665.4660005334904 1656.5228643154915 522.0153254455275 
14134.443745687342 13890.014398840629 11183.022847155415 10594.810050208545 9720.99135890985 10719.615338247917 11595.257651298654 11940.26800369238 10024.470060806207 9363.7599285757 8737.191139033184 9838.641572900195 10634.025578302884 11122.050170719425 9500.0 8800.0 7597.697019492157 6935.416353759881 8183.520025025906 8893.396426562802 10832.01274002205 12017.695286534768 13358.237159146413 11029.279214889793 10490.233553167442 7574.46367738337 7156.29093874753 5952.828991328409 6727.269356878763 7504.165509901817 7725.444971003289 5727.34668061922 5161.637337124723 4158.8470758132 5209.161928755911 5911.429607125505 6388.466169590319 4750.0 4050.0 2926.174977679906 2261.0838109190026 4897.193073588175 5470.831746635972 8622.354666794912 9760.251021362104 10835.35878501492 9414.483522743029 8501.911549763383 5900.0 5941.3803110051795 4636.773986296938 4552.708314838543 4827.007354458868 4681.87996428785 3200.0 3275.66787083184 1838.0720878137506 1611.480065033384 1390.1438774457845 1746.424919657298 
14666.714015075087 14455.535271998751 11783.462988442743 11183.022847155415 10344.876654653743 11357.374388475533 12238.463955905578 12593.649193144933 10690.182411914215 10024.470060806207 9426.266970545657 10529.960493753051 11331.92393197201 11820.744477400736 10200.0 9500.0 8293.672286749701 7632.168761236874 8781.799360040059 9494.867034350718 11290.81485101939 12469.362453630098 13829.407073334705 11415.99754730177 10928.174595969813 8031.96738041185 7574.46367738337 6426.894506680501 7258.509006676233 8061.792604625847 8310.38506929733 6320.0079113874535 5727.34668061922 4812.692489656907 5879.3339758853635 6604.922406811454 7084.666541200087 5450.0 4750.0 3601.735692690401 2934.706118165838 5242.37541578243 5860.034129593445 8822.9813555283 9983.611570969695 11115.979489005906 9521.685775113565 8660.975695613053 5941.3803110051795 5900.0 4551.754936285564 4637.558948412408 5032.891812864647 4964.876634922563 3275.66787083184 3200.0 1610.7479629041907 1837.9521212479938 1990.6029237394382 2404.1630560342614 700.0 
15157.588858390374 15051.661037905418 12514.191943549531 11877.078765420392 11171.462437836866 12229.50747168503 13127.261709892127 13524.23750161169 11688.66972756096 11003.86295807068 10566.437857669916 11681.971922582248 12550.0 13050.862040493723 11481.50686974493 10783.552290409687 9500.0 8851.271095159158 9535.460135724967 10250.487793271108 11600.538780591185 12747.548783981962 14149.293268569989 11536.463929644993 11186.59912573969 8390.0238378684 7842.3529632375 6871.322507348931 7834.657171823155 8698.419396649026 9027.319646495298 7100.176054155277 6443.7954654070145 5837.988437809722 6948.3788037210525 7800.0 8301.355311032048 6753.702688155587 6059.909240244445 4750.0 4102.742984882188 5423.329235810786 6114.327436439759 8547.51425854324 9737.171047075224 10983.624174196784 9030.64228059112 8297.740656347365 5413.409276971399 5202.403290787825 3841.0380107465744 4281.104179998427 4911.720676097125 5020.4581464244875 3053.686296920494 2661.766330841233 1280.472178534153 2283.958843762295 3050.0 3553.167600887974 2127.204738618265 1511.6216457830974 
15781.71410208663 15691.159931630293 13170.041761513135 12529.964086141668 11834.706291243565 12894.547413538794 13792.751719653334 14190.842117365692 12355.56554755791 11670.903992407786 11225.894574598498 12340.715862542173 13200.85224521508 13700.0 12120.23102090055 11421.471008587292 10151.108313873909 9500.0 10195.096860746346 10909.743351701725 12197.233292841454 13335.853928414183 14743.897042505418 12092.352955483891 11773.911839316617 9003.471552684554 8441.711911691846 7503.250828807471 8480.292035065773 9348.93042010689 9684.652807406159 7763.536565251689 7104.400045042508 6502.16956100039 7611.160752473961 8451.33125608031 8950.0 7383.258088405145 6686.74061108998 5402.082931610732 4750.0 6021.004899516359 6720.119046564577 9004.720984017216 10197.180982997214 11473.665499743314 9408.108205160057 8727.112924673314 5813.776741499453 5536.244214266563 4202.650711158376 4763.019315518256 5448.853090330111 5597.320787662612 3606.9377593742865 3140.0636936215164 1913.2979381162777 2948.0956565213414 3703.039292257105 4200.0 2692.582403567252 2024.8456731316587 667.0832032063167 
14097.606179773926 14258.06789154828 12192.620719107112 11498.26073804208 11192.965335423853 12307.889867885558 13203.408650799232 13700.0 12159.358535712317 11462.983904725681 11535.723167621525 12622.918363041092 13669.034347751123 14190.842117365692 12875.169901791587 12219.656296312101 10752.906583803284 10195.096860746346 9500.0 10154.432529688698 10288.46441409018 11292.696754982842 12723.305388145016 9793.109822727405 9782.893232576957 7501.499850029993 6817.074152449862 6443.676978247746 7558.449113409443 8455.323766716447 8950.0 7447.314952383846 6757.403347440494 7023.560991405998 8060.680368306387 9165.424158215483 9684.652807406159 8566.358619623627 7973.863555391452 6462.391198310421 6021.004899516359 4750.0 5408.326913195984 6177.782773778955 7325.469268244868 8726.11024454768 6180.008090609591 5765.630928181235 3001.6662039607268 2420.7436873820407 1698.3736338038223 2810.898966522988 3712.142238654117 4200.0 2863.5642126552707 2247.220505424423 3273.058050203204 3966.871311247694 5127.621280866987 5597.320787662612 5110.772935672255 4792.702786528704 3609.0164865237175 3700.0 
13383.758814324174 13550.830232867653 11512.710367241938 10816.769388315533 10543.110214732653 11657.990950416799 12550.0 13053.447820403619 11547.835294980614 10854.146673046205 10987.27486686303 12063.638257175984 13127.261709892127 13649.267379606863 12377.095782129183 11732.540219406877 10250.487793271108 9711.977141653495 8855.083285887265 9500.0 9573.139505930121 10576.979720128047 12007.70585915561 9080.886520599186 9067.110895980042 6806.614430096654 6118.823416311342 5794.020452155826 6908.672303706408 7800.0 8305.419917138446 6865.857557508749 6184.658438426491 6569.072156705238 7572.507378669235 8698.419396649026 9213.576938409968 8184.130986244049 7621.679604916491 6114.327436439759 5728.001396647875 4110.960958218893 4750.0 5489.307788783573 6647.1798531407285 8038.812101299544 5561.025085359713 5091.659847240387 2289.6506283710623 1732.7723451163456 1053.1728253235553 2162.3489542624707 3050.0 3562.653505464712 2460.1829200285088 1952.5624189766636 3272.645565899247 3778.8051021453857 4911.720676097125 5348.130514488217 5088.467352749745 4863.3835958106365 3850.0 4052.468383590426 715.8910531638177 
13237.82459469833 13700.0 12345.545755453664 11660.295879607858 11820.476851633355 12880.894883508676 13695.345924802337 14258.06789154828 13150.380222639953 12509.296542971551 13069.778460249432 14038.389081372548 15181.897114655994 15691.159931630293 14701.445507160171 14130.905844990972 12620.320915095623 12197.233292841454 10288.46441409018 10786.333946248837 9500.0 10199.142120786433 11526.057435220424 8508.965859609498 8950.0 7747.58026741253 7086.959855960806 7480.786923846983 8459.518485114859 9204.618405995981 9782.893232576957 8974.686624055461 8411.004696229815 9331.484822899301 10134.735714363744 11298.340586121485 11773.911839316617 11124.072995085928 10674.502330319667 9241.753080449618 9004.720984017216 6177.782773778955 6517.8600782772255 4750.0 5491.812087098392 6863.854602189647 3832.75357934736 4200.0 3572.46413557925 3100.403199585499 4162.411920990041 4725.9340875640655 5197.3550965851855 5765.630928181235 5769.09871643743 5489.307788783573 6961.2577168210055 7312.617041798374 8363.013810822029 8727.112924673314 8745.427376635174 8563.439729454514 7528.113973632439 7650.0 3950.0 3707.424982383325 
12550.0 13088.258096477162 11958.46980177648 11290.039858211307 11584.583419355225 12607.333302487088 13383.758814324174 13957.256177343741 12997.11506450566 12384.869801495694 13084.365059107758 14000.088142579674 15157.588858390374 15656.468311851175 14782.591112521512 14247.280442245812 12747.548783981962 12375.176766414288 10140.266268693342 10576.979720128047 8906.317982196684 9500.0 10772.766589878387 7800.0 8360.023923410747 7536.079882803791 6921.163197035597 7524.365288846628 8412.244230881555 9080.886520599186 9663.979511567686 9094.641279346866 8592.002094971811 9676.42025751259 10383.350518979893 11536.463929644993 11988.014848172319 11502.71707032734 11109.567948394753 9737.171047075224 9572.4866152949 6427.480066091221 6647.1798531407285 4220.189569201839 4750.0 6040.695324215582 3050.0 3688.156721182005 3962.953444086872 3669.4686263817543 4914.730206226991 5264.20487823185 5561.025085359713 6091.387362497972 6451.74395028197 6275.746967493193 7822.442649198522 8046.767549768043 9030.64228059112 9350.133688883812 9551.177937825261 9433.186100146651 8500.0 8674.387586452429 4992.494366546646 4650.0 1192.6860441876563 
11321.660655575224 11921.828718783037 11011.925353906101 10366.894424078988 10799.271873603331 11771.900993467452 12502.499750049987 13082.908697992201 12286.679779338274 11712.06642740725 12560.147650406025 13407.563835387844 14571.547618561317 15055.314676219823 14319.305150739683 13829.407073334705 12357.285300582811 12049.170095902871 9470.08447691994 9832.853095617771 7787.810988975015 8279.643712141242 9500.0 6587.29838401146 7252.068670386402 6850.182479321263 6307.535176279242 7135.318703463778 7891.365724638543 8457.245414436074 9034.655499796327 8753.570700005797 8335.7663115037 9595.0408545248 10171.00132730303 11293.471565466483 11710.038428630369 11432.628744081563 11115.979489005906 9843.271813782245 9774.712271980183 6328.111882702454 6393.160407810835 3318.5087012090235 3569.3136595149494 4750.0 1931.3207915827966 2860.0699292150184 4208.622102303793 4150.0 5506.929543765746 5576.257974663655 5644.68776815866 6100.204914590984 6885.673532778039 6850.0 8455.608138980897 8500.633388165848 9374.433316206372 9628.733042306241 10074.348614178487 10050.0 9284.53014427763 9541.095324961385 5960.914359391519 5494.087731370878 2549.5097567963926 1432.6548781894403 
16269.296235547497 16886.088949191282 15890.64190018767 15227.031884119768 15528.704807549148 16553.532946171945 17328.084141069954 17902.30432095265 16927.270896396738 16305.903838794095 16940.31018015904 17886.709255757472 19037.85702225962 19542.58171276252 18593.883402882788 18030.044370439027 16520.366218701085 16101.940876801156 14066.005118725074 14517.058930788977 12747.548783981962 13235.274836587263 14422.205101855958 11547.835294980614 12208.70591012823 11472.793905583765 10845.505981741931 11352.496333406147 12294.93607140761 12997.11506450566 13579.58025860888 12870.314681467582 12314.422438750427 13218.608436594224 14038.193188583778 15202.055782031586 15678.807352601792 14994.832443211895 14520.502746117298 13059.862173851607 12770.473757852526 10082.906327046781 10410.69161967638 8143.248737451166 8532.877591996736 9683.10384122777 6865.857557508749 7621.679604916491 7474.122022017034 6965.091528472544 7857.650603074688 8569.507162025131 9094.641279346866 9666.566091430814 9480.638164174392 9084.739952249596 10373.722041774592 10923.935554551757 12037.026210821343 12444.37623989246 12209.934479758685 11905.145946186463 10645.304129051457 10584.068215955527 7113.543420827626 7151.573253487655 3905.124837953327 3946.2007044751285 4964.876634922563 
17936.833611315014 17993.88785115657 15686.69818668033 15014.076728190781 14484.663371994531 15578.916939248376 16484.614038551223 16924.907680693563 15179.344518127256 14483.179899455783 14190.098977808435 15308.088319577988 16219.74105835232 16726.99913313802 15189.881500525276 14494.222987107656 13174.312126255398 12536.048021605533 12798.925736170204 13499.074042318607 14182.38343861849 15238.520269369988 16670.932787339767 13798.278878178973 13700.091240572086 11188.610280101815 10544.42980914568 9876.435237473082 10947.540956762847 11849.261580368626 12262.34072271685 10465.419246260515 9773.689170420757 9440.14878060722 10558.12805377923 11477.913573467958 11987.702031665618 10480.696541738054 9790.045965162779 8438.009243891594 7808.008709011537 8223.442101699264 8936.582120699166 10244.632741099116 11395.174417269795 12793.846176971178 10206.860437960342 9835.141076771599 7030.113797087498 6486.331783065063 5514.297144695777 6489.96556231233 7361.555542139175 7707.301732772631 5810.550748423078 5139.309292113095 4690.299457390754 5808.23277770442 6747.592163134936 7262.403183519901 5838.021925275718 5170.348150753487 3736.642878306676 3146.8237955119125 4069.7051490249264 4756.574397610112 7340.980860893182 8521.296849658507 9724.710792614864 9200.0 
18830.825791770258 18784.30195668713 16304.370579694269 15658.304505916341 14980.790132699944 16041.3544627628 16939.37720224684 17335.296363200716 15489.109077025701 14807.51498395325 14309.699822148612 15419.142907438143 16237.30273167314 16726.99913313802 15102.069394622711 14402.169975389126 13195.927402043404 12536.048021605533 13336.884943644074 14050.800688928728 15172.672803431833 16281.354366268182 17704.519197086374 14941.971088179766 14722.856380471827 12039.31061149267 11443.120203860484 10590.683311288276 11596.165443800808 12474.173319302567 12822.831200635841 10909.857927580908 10248.170568447815 9618.992098967543 10718.510530852689 11502.71707032734 11987.702031665618 10353.018883398214 9653.237798790622 8471.717653463198 7808.008709011537 9037.975437010216 9750.0 11576.808713976405 12756.17497528158 14114.265832837356 11706.83561001862 11216.059914247962 8317.601817831868 7863.3644198905085 6710.147017763471 7532.732107276881 8330.216083631925 8571.026776296992 6577.423507727019 5992.703897240377 5040.586176229904 6094.913288964824 6789.6980787071825 7262.403183519901 5605.577579518456 4906.373406091306 3812.151623427379 3146.8237955119125 5533.7600237090155 6150.203248673982 9108.23802938856 10270.46737008594 11406.138698087096 11100.0 1900.0 
18985.520798756086 18923.53032602532 16419.88124195787 15778.54556034871 15079.531590868464 16133.624918163927 17029.459768295645 17418.165804699416 15558.679249859224 14880.272174930134 14351.505461100587 15457.967783638314 16260.381299342276 16746.71609599924 15110.013236261575 14410.499644356541 13224.314727047296 12562.344526401113 13444.422635427674 14159.272580185749 15344.705927452635 16460.02733898094 17880.715869338117 15136.46259863909 14900.083892381277 12195.285974506707 11607.109890063073 10729.900884910354 11723.474442331506 12596.229594604887 12934.643404439103 11008.405879145263 10353.018883398214 9681.074785373781 10774.287354623506 11535.271995059327 12015.198708302747 10364.603224436525 9665.660867214408 8515.867542417507 7850.159234053791 9195.923009682063 9905.680188659435 11801.37703829515 12983.451005029441 14334.66079124302 11954.078801814885 11447.707194019245 8541.808941904519 8100.154319517623 6927.789907322536 7727.279793044898 8511.903429903326 8737.41952752642 6739.621651101788 6170.291727301068 5158.07221740836 6192.476725834341 6844.705983459041 7307.701416998371 5626.944108483752 4930.770730829005 3909.283821878376 3250.0 5788.134414472422 6394.137940332535 9392.01788754685 10551.42170515424 11677.756633874504 11400.0 2200.0 300.0 
10467.568963231148 9360.55553906925 7864.636037350998 8285.07694593116 7431.411238789036 6664.792044767789 6254.79815821422 5736.941693969009 5857.687256929991 6411.123146532127 5820.456081786031 4799.496640273853 3676.9552621700473 3157.9265349276257 4533.486517019765 5229.005641611032 6600.189391222043 7209.1955168382 8655.20074868284 8316.549765377467 11385.077953180646 11815.773355984787 11806.777714516353 12823.123644416753 11735.949045560823 11276.745984547139 11857.697921603502 11365.050505827065 10381.014064146142 9694.586118035159 9111.805529092464 9981.232388838565 10633.202716021171 10384.373308004677 9293.635886992775 8269.371197376497 7751.451476981585 9266.336924588917 9965.189411145178 11287.16084761797 11915.745885172275 12842.312875802396 12369.417932950604 14820.00337381878 14948.244044034069 14538.3114562868 16260.996279441184 15263.354808167174 15414.36018782486 16052.803493471163 15755.249061820636 14704.980550820188 13927.401049729271 13351.498043290872 14493.533040635744 15170.777831080382 15063.788003022348 13958.265221724367 12975.746606650424 12462.844779583833 14010.79940617237 14710.285517283477 16011.324117636243 16646.99672613652 17322.312201320008 16791.81348157488 18835.33912622759 18772.652982463613 18123.18956475377 22674.21442961145 19723.08292331602 19602.295783912657 19600.0 
3605.5512754639894 3640.0549446402592 6470.8963830368975 6975.851202541522 8079.756988919902 7379.285399007143 6766.27667184841 6799.448507048201 8618.149453333936 9003.471552684554 10460.60748713955 9927.717159548816 10278.61858422619 10268.032917750117 11469.633821530659 11761.908858684461 11648.712375194093 12142.178552467427 9393.215636830659 8707.755164219996 7433.034373659253 6560.678318588712 5223.983154643591 8237.86987030021 7960.056532462568 10353.018883398214 10982.941318244399 11799.193743641978 10853.564069005168 10032.198163912035 9815.548889389733 11814.609599982557 12370.327400679418 13541.85397203795 12723.838571751843 12669.352785363584 12471.768118434531 14030.858847554557 14501.896427709033 14816.544806398015 15409.250468468608 13350.842670033979 12635.76273914638 12052.489369420742 11264.102272262979 9962.554893198832 12955.69372901351 12593.649193144933 14752.033758095864 15417.927876339285 16071.231222280388 15042.302117694619 14164.480223432132 13841.333028288858 15812.099797307124 16435.099634623453 17391.50105655058 16442.553572970348 16140.012391568973 15836.113790952628 17530.04563599308 18093.990715151813 18667.953824669697 19302.396224303346 17702.612801504754 16988.967008032007 16745.148551147584 15995.077367740363 14708.500943332057 19602.295783912657 21526.03075348542 22378.561169118984 22524.87513838867 11100.0 
3716.1808352124094 3828.8379438153293 6689.730936293327 7179.3105518566335 8305.075135120693 7625.2903551274685 7027.268317063182 7071.9516401061455 8875.38731549221 9250.0 10718.49378410978 10199.057211330859 10562.196741208714 10556.159339456752 11746.169588423283 12031.7288865732 11899.684869777015 12386.787315522939 9592.314632037462 8912.070466507768 7527.283706623525 6622.122016393235 5261.178575186362 8286.887232248306 8048.136430255143 10491.186777481373 11113.280343804883 11954.613042671017 11022.297990891011 10210.044074341697 10006.24804809475 12003.541144179078 12550.896382330626 13742.03802206936 12936.663712101355 12900.484487026059 12710.03540514345 14257.80488013495 14721.582795338278 15014.659503298768 15602.724121127054 13491.664093061316 12777.421492617359 12110.842249818961 11300.0 9982.108995598075 12986.916493148017 12649.505919204908 14849.326584057608 15511.04445226046 16185.681110166479 15164.499760954859 14290.99366734168 13977.213599283657 15953.761311991602 16571.43626847112 17547.82348326994 16607.792387912366 16322.070947033651 16024.43446740009 17712.213300431995 18270.536390593465 18825.581000330374 19457.19661205077 17809.05668473207 17094.5897874152 16787.197502859137 16020.377648482572 14721.752613055281 19600.0 21651.789764358975 22524.87513838867 22674.21442961145 11400.0 300.0 
