32.55764119219941 
14.560219778561036 34.40930106817051 
32.202484376209235 20.223748416156685 25.0 
32.202484376209235 23.853720883753127 42.720018726587654 41.23105625617661 
24.839484696748443 16.401219466856727 33.54101966249684 31.622776601683793 10.0 
21.02379604162864 36.24913792078372 35.35533905932738 46.09772228646444 20.615528128088304 20.615528128088304 
31.575306807693888 36.069377593742864 45.044422518220834 50.53711507397311 13.92838827718412 19.849433241279208 12.206555615733702 
17.804493814764857 47.4236228055175 15.0 40.0 50.0 42.42640687119285 36.40054944640259 48.104053883222775 
15.556349186104045 43.289721643826724 29.154759474226502 47.16990566028302 33.54101966249684 30.4138126514911 14.142135623730951 26.248809496813376 25.0 
26.40075756488817 50.28916384272063 40.311288741492746 57.0087712549569 35.35533905932738 35.35533905932738 15.0 24.166091947189145 35.35533905932738 11.180339887498949 
16.64331697709324 23.430749027719962 11.180339887498949 15.811388300841896 35.35533905932738 25.495097567963924 33.54101966249684 40.792156108742276 25.495097567963924 32.01562118716424 42.42640687119285 
26.40075756488817 9.433981132056603 32.01562118716424 25.495097567963924 15.811388300841896 7.0710678118654755 26.92582403567252 26.90724809414742 43.01162633521314 35.0 41.23105625617661 22.360679774997898 
46.87216658103186 21.18962010041709 53.150729063673246 41.23105625617661 20.0 22.360679774997898 40.311288741492746 33.37663853655727 64.03124237432849 52.20153254455275 55.226805085936306 43.01162633521314 21.213203435596427 
45.35416188179427 13.0 47.16990566028302 29.154759474226502 29.154759474226502 25.495097567963924 46.09772228646444 42.941821107167776 60.41522986797286 55.0 60.8276253029822 36.05551275463989 20.0 15.811388300841896 
42.44997055358225 25.179356624028344 51.478150704935004 45.0 11.180339887498949 18.027756377319946 31.622776601683793 23.0 60.207972893961475 44.721359549995796 46.09772228646444 42.720018726587654 20.615528128088304 11.180339887498949 25.0 
40.70626487409524 32.69556544854363 52.20153254455275 50.99019513592785 10.0 20.0 25.0 13.92838827718412 58.309518948453004 39.05124837953327 38.07886552931954 45.27692569068709 25.495097567963924 22.360679774997898 35.35533905932738 11.180339887498949 
22.847319317591726 27.459060435491963 35.35533905932738 40.311288741492746 11.180339887498949 11.180339887498949 10.0 10.44030650891055 40.311288741492746 22.360679774997898 25.0 30.4138126514911 18.027756377319946 30.4138126514911 36.40054944640259 22.360679774997898 18.027756377319946 
28.231188426986208 47.4236228055175 42.720018726587654 56.568542494923804 30.0 31.622776601683793 11.180339887498949 17.72004514666935 40.0 15.0 7.0710678118654755 43.01162633521314 38.07886552931954 50.0 57.0087712549569 40.311288741492746 31.622776601683793 20.615528128088304 
16.492422502470642 49.03060268852505 22.360679774997898 46.09772228646444 46.09772228646444 40.311288741492746 29.154759474226502 41.340053217188775 11.180339887498949 15.811388300841896 25.0 30.4138126514911 42.720018726587654 62.64982043070834 61.84658438426491 57.0087712549569 53.150729063673246 35.35533905932738 30.4138126514911 
29.274562336608895 10.44030650891055 26.92582403567252 10.0 31.622776601683793 22.360679774997898 39.05124837953327 41.88078318274385 41.23105625617661 42.720018726587654 51.478150704935004 15.811388300841896 15.811388300841896 31.622776601683793 21.213203435596427 35.0 41.23105625617661 32.01562118716424 50.0 45.0 
39.20459156782532 12.206555615733702 36.40054944640259 14.142135623730951 36.05551275463989 28.284271247461902 47.16990566028302 48.104053883222775 50.99019513592785 52.20153254455275 60.41522986797286 25.495097567963924 21.213203435596427 30.0 15.811388300841896 36.40054944640259 44.721359549995796 39.05124837953327 58.309518948453004 55.0 10.0 
46.17358552246078 23.323807579381203 40.0 15.0 47.16990566028302 39.05124837953327 57.0087712549569 58.89821729050889 55.0 60.41522986797286 69.46221994724903 30.4138126514911 32.01562118716424 40.311288741492746 25.0 47.43416490252569 55.90169943749474 49.49747468305833 68.00735254367721 60.8276253029822 18.027756377319946 11.180339887498949 
27.784887978899608 34.9857113690718 14.142135623730951 18.027756377319946 50.24937810560445 40.311288741492746 47.43416490252569 55.57877292636101 26.92582403567252 43.01162633521314 54.08326913195984 15.0 36.40054944640259 55.90169943749474 46.09772228646444 57.0087712549569 60.207972893961475 45.27692569068709 55.90169943749474 36.05551275463989 25.0 32.01562118716424 31.622776601683793 
37.64306044943742 30.14962686336267 26.92582403567252 10.0 50.99019513592785 41.23105625617661 54.08326913195984 59.61543424315552 41.23105625617661 53.150729063673246 63.63961030678928 21.213203435596427 35.35533905932738 50.99019513592785 38.07886552931954 55.0 60.8276253029822 49.24428900898052 64.03124237432849 49.24428900898052 20.0 22.360679774997898 18.027756377319946 15.0 
19.4164878389476 16.401219466856727 18.027756377319946 14.142135623730951 30.0 20.0 32.01562118716424 37.33630940518894 31.622776601683793 33.54101966249684 43.01162633521314 7.0710678118654755 15.811388300841896 36.05551275463989 29.154759474226502 36.40054944640259 40.0 26.92582403567252 42.42640687119285 35.0 10.0 20.0 26.92582403567252 20.615528128088304 22.360679774997898 
10.816653826391969 23.0 20.615528128088304 28.284271247461902 22.360679774997898 14.142135623730951 18.027756377319946 25.179356624028344 28.284271247461902 20.615528128088304 29.154759474226502 15.811388300841896 15.811388300841896 36.05551275463989 35.35533905932738 32.01562118716424 31.622776601683793 15.0 28.284271247461902 26.92582403567252 22.360679774997898 31.622776601683793 40.311288741492746 30.4138126514911 36.05551275463989 14.142135623730951 
12.0 20.8806130178211 16.1245154965971 22.02271554554524 26.92582403567252 17.46424919657298 24.698178070456937 31.575306807693888 26.92582403567252 25.495097567963924 35.0 9.219544457292887 16.278820596099706 37.48332962798263 33.83784863137726 35.35533905932738 36.6742416417845 21.213203435596427 34.713109915419565 28.284271247461902 17.46424919657298 27.294688127912362 34.92849839314596 24.08318915758459 29.410882339705484 8.06225774829855 6.708203932499369 
24.041630560342615 38.28837943815329 9.486832980505138 23.769728648009426 50.44799302251776 40.80441152620633 44.721359549995796 54.00925846556311 20.12461179749811 38.47076812334269 49.64876634922564 15.652475842498529 38.01315561749642 58.52349955359813 50.24937810560445 58.309518948453004 60.207972893961475 44.04543109109048 52.20153254455275 29.832867780352597 29.068883707497267 37.21558813185679 38.07886552931954 7.0710678118654755 22.02271554554524 22.47220505424423 29.068883707497267 23.53720459187964 
11.045361017187261 43.289721643826724 21.213203435596427 42.720018726587654 39.05124837953327 33.54101966249684 22.360679774997898 34.48187929913333 15.0 10.0 20.615528128088304 26.92582403567252 36.40054944640259 55.90169943749474 55.90169943749474 50.0 46.09772228646444 28.284271247461902 25.0 7.0710678118654755 40.311288741492746 50.24937810560445 57.0087712549569 35.35533905932738 47.16990566028302 30.4138126514911 20.615528128088304 23.021728866442675 30.0 
10.44030650891055 35.22782990761707 25.0 40.0 27.202941017470888 22.80350850198276 11.180339887498949 22.847319317591726 25.298221281347036 8.06225774829855 17.029386365926403 25.495097567963924 27.018512172212592 44.94441010848846 47.01063709417264 38.27531841800928 34.058772731852805 16.278820596099706 17.88854381999832 19.1049731745428 34.92849839314596 44.27188724235731 52.773099207835045 38.01315561749642 46.69047011971501 26.076809620810597 12.649110640673518 18.027756377319946 34.48187929913333 12.041594578792296 
20.8806130178211 52.0 31.240998703626616 52.92447448959697 43.829214001622255 40.26164427839479 24.20743687382041 36.069377593742864 21.93171219946131 10.295630140987 15.524174696260024 37.16180835212409 44.28317965096906 62.297672508690084 64.19501538281614 55.00909015790027 49.20365840057018 32.64965543462902 21.93171219946131 10.770329614269007 50.00999900019995 59.841457201508724 67.05221845696084 45.34313619501854 57.4543296888929 40.26164427839479 29.0 32.55764119219941 39.6232255123179 10.295630140987 17.46424919657298 
12.36931687685298 39.35733730830886 7.280109889280518 32.0624390837628 43.9089968002003 35.608987629529715 33.06055050963308 43.93176527297759 8.246211251235321 24.351591323771842 35.4682957019364 17.26267650163207 35.4682957019364 56.639209034025185 52.32590180780452 53.600373133029585 52.80151512977634 35.11409973215888 38.8329756778952 15.264337522473747 32.984845004941285 42.7551166528639 47.042533945356304 20.808652046684813 34.17601498127012 23.40939982143925 21.633307652783937 19.209372712298546 14.866068747318506 15.264337522473747 22.0 24.758836806279895 
24.73863375370596 48.41487374764082 14.142135623730951 36.40054944640259 55.90169943749474 47.16990566028302 45.27692569068709 56.293871780150276 11.180339887498949 35.35533905932738 46.09772228646444 25.0 46.09772228646444 67.26812023536856 61.032778078668514 65.19202405202648 65.0 47.43416490252569 50.24937810560445 22.360679774997898 40.311288741492746 49.24428900898052 50.99019513592785 20.0 35.0 32.01562118716424 33.54101966249684 30.0 13.038404810405298 25.495097567963924 34.132096331752024 33.1058907144937 12.36931687685298 
27.202941017470888 55.569775957799216 21.540659228538015 45.70557952810576 59.405386961116584 51.66236541235796 45.5411901469428 57.38466694161429 9.433981132056603 33.37663853655727 43.0 32.69556544854363 51.85556864985669 73.0 68.47627326307996 69.52697318307479 67.7421582177598 49.73932046178355 48.25971404805462 18.0 48.46648326421054 57.87054518492115 60.530983801686226 30.066592756745816 45.044422518220834 39.35733730830886 37.53664875824692 35.608987629529715 23.021728866442675 23.53720459187964 34.539832078341085 28.284271247461902 16.401219466856727 10.198039027185569 
40.52159917870962 54.20332093147061 55.08175741568164 66.40030120413611 32.69556544854363 37.8021163428716 20.591260281974 18.788294228055936 53.0 28.0 18.681541692269406 54.120236510939236 44.82186966202994 51.66236541235796 61.71709649683789 40.792156108742276 30.14962686336267 26.90724809414742 13.0 43.289721643826724 58.728187440104094 65.94694837519019 76.38062581571324 67.77905281132217 74.62573282722254 52.43090691567332 38.58756276314948 45.27692569068709 64.5600495662759 38.0 30.083217912982647 34.20526275297414 51.62363799656123 63.198101237299845 61.204574992397426 
35.805027579936315 15.297058540778355 43.01162633521314 35.0 11.180339887498949 11.180339887498949 30.0 25.079872407968907 53.150729063673246 41.23105625617661 45.0 33.54101966249684 11.180339887498949 11.180339887498949 18.027756377319946 10.0 18.027756377319946 20.0 40.311288741492746 51.478150704935004 25.0 26.92582403567252 38.07886552931954 47.43416490252569 45.0 26.92582403567252 25.0 27.018512172212592 49.193495504995376 44.721359549995796 33.83784863137726 51.24451190127583 45.967379738244816 57.0087712549569 62.24146527838174 43.86342439892262 
56.85068161420758 32.31098884280702 64.03124237432849 52.20153254455275 26.92582403567252 32.01562118716424 47.43416490252569 38.3275357934736 74.33034373659252 60.41522986797286 61.84658438426491 54.08326913195984 32.01562118716424 11.180339887498949 25.0 15.811388300841896 25.0 38.07886552931954 55.90169943749474 72.11102550927978 42.720018726587654 40.311288741492746 50.0 67.08203932499369 61.84658438426491 47.16990566028302 46.09772228646444 48.16637831516918 69.6419413859206 65.19202405202648 53.71219600798314 70.68238818828917 67.17886572427373 78.10249675906654 83.45058418010026 55.08175741568164 21.213203435596427 
41.593268686170845 25.495097567963924 33.37663853655727 9.433981132056603 48.46648326421054 39.35733730830886 55.17245689653489 58.83026432033091 48.25971404805462 56.60388679233962 66.40030120413611 25.079872407968907 32.69556544854363 45.044422518220834 30.805843601498726 50.635955604688654 57.87054518492115 48.82622246293481 65.79513659838392 55.08175741568164 17.0 15.132745950421556 8.602325267042627 23.53720459187964 9.433981132056603 23.430749027719962 37.53664875824692 31.400636936215164 30.265491900843113 52.0 49.4064773081425 62.24146527838174 40.607881008493905 43.289721643826724 53.08483775994799 75.28612089887484 40.792156108742276 55.44366510251645 
24.020824298928627 9.433981132056603 25.0 15.811388300841896 25.495097567963924 15.811388300841896 32.01562118716424 34.9857113690718 38.07886552931954 36.40054944640259 44.721359549995796 14.142135623730951 10.0 29.154759474226502 22.360679774997898 30.4138126514911 35.35533905932738 25.0 43.01162633521314 40.311288741492746 7.0710678118654755 15.811388300841896 25.0 26.92582403567252 25.495097567963924 7.0710678118654755 15.811388300841896 12.041594578792296 29.410882339705484 35.0 28.460498941515414 44.28317965096906 29.966648127543394 39.05124837953327 46.14108798023731 51.66236541235796 20.615528128088304 40.311288741492746 23.853720883753127 
42.01190307520001 12.206555615733702 40.162171256046406 18.384776310850235 35.4682957019364 28.600699292150182 48.30113870293329 48.16637831516918 54.57105459856901 54.3415126767741 62.03224967708329 29.120439557122072 21.633307652783937 27.16615541441225 12.165525060596439 34.539832078341085 43.56604182158393 39.66106403010388 59.481089431852205 58.077534382926416 13.341664064126334 4.242640687119285 13.152946437965905 36.235341863986875 26.419689627245813 23.194827009486403 33.734255586866 30.01666203960727 41.340053217188775 53.03772242470448 46.32493928760188 62.39390995922599 46.32493928760188 53.225933528685054 61.68468205316454 66.40030120413611 25.553864678361276 37.05401462729781 18.681541692269406 18.110770276274835 
40.718546143004666 12.083045973594572 45.27692569068709 32.01562118716424 20.12461179749811 18.027756377319946 38.2099463490856 34.0147027033899 57.14017850864661 48.373546489791295 53.150729063673246 34.713109915419565 14.317821063276353 9.219544457292887 9.219544457292887 16.1245154965971 26.1725046566048 28.284271247461902 48.83646178829912 57.0087712549569 22.47220505424423 21.095023109728988 31.78049716414141 47.01063709417264 41.773197148410844 27.65863337187866 30.083217912982647 30.23243291566195 50.0 50.59644256269407 40.607881008493905 58.05170109479997 49.4064773081425 59.413803110051795 65.80273550544841 52.80151512977634 8.94427190999916 20.248456731316587 36.0 20.615528128088304 18.681541692269406 
49.39635614091387 18.439088914585774 52.80151512977634 36.235341863986875 28.160255680657446 27.073972741361768 47.095647357266465 42.05948168962618 65.36818798161687 57.42821606144492 62.07253821135398 41.86884283091664 23.08679276123039 10.63014581273465 7.280109889280518 21.400934559032695 32.449961479175904 37.12142238654117 57.55866572463264 65.7875368135941 27.80287754891569 23.08679276123039 32.0624390837628 52.80151512977634 45.31004303683677 34.828149534535996 38.897300677553446 38.47076812334269 56.586217403180434 59.481089431852205 49.64876634922564 67.08203932499369 57.4543296888929 66.84309986827361 73.78346698278686 60.74537019394976 17.26267650163207 18.110770276274835 38.07886552931954 27.80287754891569 19.4164878389476 9.055385138137417 
46.09772228646444 24.186773244895647 53.823786563191554 44.40720662234904 16.492422502470642 21.2602916254693 37.107950630558946 29.017236257093817 63.655321851358195 49.76946855251722 51.78802950489621 44.294469180700204 21.95449840010015 5.656854249492381 21.02379604162864 6.082762530298219 17.08800749063506 27.51363298439521 46.17358552246078 61.29437168288782 34.52535300326414 34.23448553724738 44.91102314577124 57.9396237474839 54.3323108288245 37.57658845611187 35.38361202590826 37.8021163428716 59.941638282582836 54.378304497290095 42.941821107167776 60.00833275470999 56.639209034025185 67.80117993073571 72.83543093852057 46.87216658103186 10.816653826391969 10.816653826391969 49.040799340956916 31.016124838541646 31.78049716414141 13.152946437965905 16.278820596099706 
36.68787265568828 35.805027579936315 49.49747468305833 52.20153254455275 12.041594578792296 20.615528128088304 18.439088914585774 6.4031242374328485 53.71219600798314 32.55764119219941 30.4138126514911 44.10215414239989 27.294688127912362 29.410882339705484 40.80441152620633 18.439088914585774 8.06225774829855 14.142135623730951 23.769728648009426 47.43416490252569 42.95346318982906 48.010415536631214 59.07622195096772 59.07622195096772 61.68468205316454 39.81205847478876 29.068883707497267 35.014282800023196 58.137767414994535 40.496913462633174 28.653097563788805 42.44997055358225 49.040799340956916 61.40032573203501 63.071388124885914 22.360679774997898 22.80350850198276 33.015148038438355 59.93329625508679 36.40054944640259 47.50789408087881 31.622776601683793 38.91015291668744 24.515301344262525 
39.01281840626232 45.27692569068709 53.08483775994799 59.941638282582836 22.20360331117452 29.206163733020468 18.110770276274835 9.433981132056603 54.3415126767741 30.463092423455635 24.758836806279895 49.72926703662542 36.235341863986875 40.162171256046406 51.31276644267 29.120439557122072 18.24828759089466 19.697715603592208 17.69180601295413 46.238512086787566 51.31276644267 57.38466694161429 68.24954212300622 64.32728814430156 68.94200461257273 46.61544808322666 33.95585369269929 40.52159917870962 62.289646009589745 39.84971769034255 29.274562336608895 39.11521443121589 51.15662224971465 63.387695966961914 63.324560795950255 12.0 33.28663395418648 43.104524124504614 68.26419266350405 44.41846462902562 57.28001396647874 42.190046219457976 49.658836071740545 35.17101079013795 10.770329614269007 
33.734255586866 47.43416490252569 48.27007354458868 59.20304046246274 26.92582403567252 31.064449134018133 13.416407864998739 13.152946437965905 47.16990566028302 22.360679774997898 15.0 46.95742752749558 38.01315561749642 46.52956049652737 55.54277630799526 36.05551275463989 26.1725046566048 20.0 8.06225774829855 38.07886552931954 51.62363799656123 59.033888572581766 69.35416353759881 60.74537019394976 67.4166151627327 45.221676218380054 31.38470965295043 38.07886552931954 57.723478758647246 32.2490309931942 23.345235059857504 29.966648127543394 45.17742799230607 57.0087712549569 55.731499172371095 7.211102550927978 37.94733192202055 51.088159097779204 68.11754546370561 44.553338819890925 59.64059020499378 46.8187996428785 55.08175741568164 42.1070065428546 18.110770276274835 10.0 
28.160255680657446 41.340053217188775 42.579337712087536 52.80151512977634 22.090722034374522 25.059928172283335 7.280109889280518 9.486832980505138 42.7551166528639 18.788294228055936 14.7648230602334 40.718546143004666 31.906112267087632 42.04759208325728 49.9799959983992 32.14031735997639 23.40939982143925 13.892443989449804 8.246211251235321 34.539832078341085 45.254833995939045 52.80151512977634 63.0317380372777 54.70831746635972 61.05735008989499 38.8329756778952 25.059928172283335 31.76476034853718 51.97114584074513 28.160255680657446 18.0 27.80287754891569 40.0 52.08646657242167 51.66236541235796 13.601470508735444 32.7566787083184 47.67598976424087 61.71709649683789 38.18376618407357 53.53503525729669 41.48493702538308 50.00999900019995 38.05259518088089 15.652475842498529 11.704699910719626 6.4031242374328485 
39.824615503479755 58.66856057549052 54.12947441089743 68.59300255857006 39.05124837953327 42.485291572496 22.80350850198276 25.317977802344327 49.64876634922564 25.298221281347036 14.317821063276353 55.0 49.24428900898052 58.69412236331676 67.4166151627327 48.16637831516918 38.01315561749642 31.304951684997057 12.041594578792296 39.11521443121589 61.84658438426491 69.8927750200262 79.81227975693966 67.60177512462228 76.05918747922567 54.45181356024793 40.311288741492746 46.75467891024384 63.56099432828282 34.92849839314596 29.68164415931166 29.017236257093817 49.64876634922564 60.41522986797286 57.07889277132134 8.94427190999916 50.0 63.00793600809346 77.79460135510689 54.817880294662984 70.83078426785913 58.82176467941097 67.1863081289633 54.230987451824994 30.0 20.396078054371138 12.165525060596439 17.46424919657298 
6.324555320336759 32.31098884280702 8.246211251235321 28.160255680657446 36.235341863986875 27.80287754891569 27.16615541441225 37.21558813185679 15.264337522473747 21.400934559032695 32.449961479175904 12.36931687685298 27.80287754891569 48.91829923454004 45.31004303683677 45.803929962395145 45.31004303683677 27.892651361962706 34.539832078341085 18.110770276274835 27.073972741361768 37.05401462729781 42.7551166528639 21.633307652783937 32.449961479175904 17.11724276862369 13.892443989449804 11.661903789690601 17.72004514666935 14.7648230602334 16.76305461424021 25.059928172283335 7.810249675906654 19.697715603592208 24.08318915758459 46.84015371452148 38.18376618407357 59.39696961966999 37.33630940518894 23.08679276123039 40.311288741492746 41.88078318274385 50.11985634456667 48.83646178829912 41.97618372363071 45.0111097397076 40.024992192379 34.36568055487916 46.06517122512408 
12.041594578792296 43.32435804486894 14.317821063276353 38.47076812334269 44.04543109109048 36.87817782917155 30.083217912982647 41.78516483155236 6.324555320336759 19.1049731745428 29.832867780352597 23.021728866442675 38.07886552931954 58.82176467941097 56.302753041036986 54.45181356024793 52.15361924162119 34.132096331752024 34.058772731852805 8.06225774829855 38.2099463490856 48.16637831516918 53.33854141237835 28.0178514522438 41.23105625617661 28.284271247461902 22.80350850198276 22.47220505424423 21.93171219946131 9.219544457292887 18.973665961010276 17.804493814764857 7.211102550927978 16.278820596099706 15.652475842498529 47.042533945356304 47.80167361086848 68.8839603971781 47.29693436154187 34.20526275297414 51.478150704935004 52.354560450833695 60.83584469702052 58.137767414994535 47.4236228055175 48.05205510693585 41.048751503547585 36.49657518178932 44.14748010928823 11.180339887498949 
15.231546211727817 27.202941017470888 28.071337695236398 36.235341863986875 17.69180601295413 13.152946437965905 9.899494936611665 17.0 32.7566787083184 17.26267650163207 23.08679276123039 24.351591323771842 18.24828759089466 35.11409973215888 38.118237105091836 28.600699292150182 25.553864678361276 7.615773105863909 20.808652046684813 28.42534080710379 29.206163733020468 37.589892258425 47.20169488482379 38.8329756778952 44.41846462902562 22.20360331117452 8.54400374531753 15.231546211727817 37.013511046643494 21.400934559032695 9.848857801796104 27.202941017470888 27.51363298439521 39.84971769034255 42.190046219457976 30.23243291566195 24.041630560342615 43.9089968002003 45.27692569068709 22.20360331117452 39.0 31.144823004794873 40.19950248448356 33.12099032335839 21.587033144922902 25.495097567963924 23.021728866442675 16.64331697709324 32.64965543462902 20.396078054371138 26.627053911388696 
18.439088914585774 14.142135623730951 22.80350850198276 21.095023109728988 22.02271554554524 12.041594578792296 25.495097567963924 29.546573405388315 34.132096331752024 29.832867780352597 38.01315561749642 13.601470508735444 9.219544457292887 30.4138126514911 26.92582403567252 29.154759474226502 32.01562118716424 19.235384061671343 36.40054944640259 34.92849839314596 13.601470508735444 22.47220505424423 31.622776601683793 28.284271247461902 30.083217912982647 8.06225774829855 9.219544457292887 7.211102550927978 29.154759474226502 29.154759474226502 21.840329667841555 38.05259518088089 26.40075756488817 36.87817782917155 42.80186911806539 45.45327270945405 20.248456731316587 41.23105625617661 29.832867780352597 6.708203932499369 24.515301344262525 23.021728866442675 31.304951684997057 31.064449134018133 31.78049716414141 38.91015291668744 38.28837943815329 31.89043743820395 48.27007354458868 18.867962264113206 29.546573405388315 15.620499351813308 
25.612496949731394 25.059928172283335 16.1245154965971 9.219544457292887 42.01190307520001 32.01562118716424 42.5440947723653 49.040799340956916 31.064449134018133 41.10960958218893 51.62363799656123 9.219544457292887 27.294688127912362 46.09772228646444 36.124783736376884 47.853944456021594 52.009614495783374 38.600518131237564 52.20153254455275 37.94733192202055 15.0 22.47220505424423 24.08318915758459 10.0 12.041594578792296 12.041594578792296 24.596747752497688 17.88854381999832 14.7648230602334 35.35533905932738 34.713109915419565 45.65084884205331 23.345235059857504 27.202941017470888 36.49657518178932 63.13477647065839 38.07886552931954 57.271284253105414 17.26267650163207 17.46424919657298 26.627053911388696 37.12142238654117 42.80186911806539 48.38388161361178 51.78802950489621 58.18934610390462 55.94640292279746 49.64876634922564 64.20280367709809 20.591260281974 30.083217912982647 33.1058907144937 20.09975124224178 
34.058772731852805 28.635642126552707 23.40939982143925 8.54400374531753 48.507731342539614 38.63935817272331 50.774009099144415 56.64803615307419 37.8549864614954 49.57822102496216 60.108235708594876 17.69180601295413 33.06055050963308 49.72926703662542 37.589892258425 53.08483775994799 58.42088667591412 46.238512086787566 60.60528029800704 45.69463863518345 18.24828759089466 22.20360331117452 19.697715603592208 12.165525060596439 3.605551275463989 19.313207915827967 32.7566787083184 26.076809620810597 19.026297590440446 43.56604182158393 43.18564576337837 53.85164807134504 30.675723300355934 32.0624390837628 42.0 71.34423592694787 43.104524124504614 60.728905802755904 11.40175425099138 23.08679276123039 26.40075756488817 40.52159917870962 44.721359549995796 52.773099207835045 58.9406481131655 65.92419889539804 64.1404708432983 57.8013840664737 72.62231062146122 28.844410203711913 37.69615364994153 41.182520563948 27.202941017470888 8.48528137423857 
38.897300677553446 18.681541692269406 33.06055050963308 8.246211251235321 42.04759208325728 33.28663395418648 50.32891812864648 53.009433122794285 48.041648597857254 53.225933528685054 62.433965115151864 23.194827009486403 26.419689627245813 38.05259518088089 24.041630560342615 43.73785545725808 51.264022471905186 43.278170016764804 61.220911460055866 53.600373133029585 11.313708498984761 8.246211251235321 7.280109889280518 25.942243542145693 14.422205101855956 19.697715603592208 33.28663395418648 27.730849247724095 31.953090617340916 49.72926703662542 45.65084884205331 59.77457653551382 40.0 44.64302857109943 53.9351462406472 70.03570517957252 33.95585369269929 48.507731342539614 7.0 18.384776310850235 12.083045973594572 29.0 31.32091952673165 42.04759208325728 53.71219600798314 62.42595614005443 62.93647591023825 56.568542494923804 73.10950690573696 35.510561809129406 46.17358552246078 40.45985664828782 24.839484696748443 17.46424919657298 14.866068747318506 
38.07886552931954 5.830951894845301 40.22437072223753 24.351591323771842 24.758836806279895 19.313207915827967 39.84971769034255 38.01315561749642 53.225933528685054 48.041648597857254 54.3415126767741 29.206163733020468 13.152946437965905 17.11724276862369 7.280109889280518 23.40939982143925 32.449961479175904 30.463092423455635 50.92150822589606 54.57105459856901 15.264337522473747 13.152946437965905 24.041630560342615 40.22437072223753 33.95585369269929 22.20360331117452 28.160255680657446 26.570660511172846 43.86342439892262 48.662100242385755 40.01249804748511 57.07889277132134 45.17742799230607 54.20332093147061 61.40032573203501 56.60388679233962 14.422205101855956 27.892651361962706 28.0 15.264337522473747 11.180339887498949 8.0 12.727922061357855 21.095023109728988 36.76955262170047 46.861498055439924 50.11985634456667 44.28317965096906 61.741396161732524 38.07886552931954 49.040799340956916 31.400636936215164 19.6468827043885 30.23243291566195 32.89376840679705 21.0 
23.53720459187964 9.055385138137417 26.870057685088806 19.924858845171276 21.37755832643195 11.704699910719626 28.844410203711913 31.064449134018133 38.948684188300895 34.52535300326414 42.15447781671598 16.64331697709324 6.082762530298219 26.40075756488817 21.840329667841555 26.68332812825267 31.25699921617557 21.2602916254693 39.96248240537617 40.024992192379 10.816653826391969 18.35755975068582 28.319604517012593 30.364452901377952 29.614185789921695 9.848857801796104 14.035668847618199 12.083045973594572 32.2490309931942 34.23448553724738 26.476404589747453 43.01162633521314 31.064449134018133 41.012193308819754 47.43416490252569 48.08326112068523 17.08800749063506 37.44329045369811 27.784887978899608 4.123105625617661 19.924858845171276 18.439088914585774 26.419689627245813 27.730849247724095 32.31098884280702 40.496913462633174 41.036569057366385 34.713109915419565 51.61395160225576 23.706539182259394 34.539832078341085 19.235384061671343 5.0990195135927845 21.213203435596427 27.16615541441225 22.02271554554524 14.560219778561036 
32.01562118716424 15.652475842498529 39.96248240537617 34.23448553724738 8.48528137423857 7.211102550927978 26.019223662515376 21.95449840010015 49.51767361255979 37.107950630558946 41.012193308819754 31.016124838541646 9.055385138137417 15.231546211727817 21.02379604162864 11.704699910719626 17.08800749063506 16.0312195418814 36.49657518178932 47.50789408087881 24.331050121192877 27.784887978899608 38.948684188300895 45.35416188179427 44.181444068749045 24.73863375370596 21.2602916254693 23.853720883753127 46.61544808322666 40.70626487409524 29.732137494637012 47.12748667179272 42.5205832509386 53.823786563191554 58.69412236331676 40.70626487409524 4.123105625617661 24.839484696748443 40.80441152620633 19.026297590440446 27.018512172212592 12.36931687685298 21.095023109728988 14.142135623730951 20.518284528683193 30.610455730027933 34.539832078341085 29.120439557122072 46.486557196677836 34.713109915419565 44.04543109109048 19.924858845171276 17.46424919657298 36.345563690772494 42.01190307520001 34.17601498127012 16.278820596099706 15.132745950421556 
28.30194339616981 24.758836806279895 39.56008088970496 40.496913462633174 4.47213595499958 8.94427190999916 16.278820596099706 11.40175425099138 46.04345773288535 29.068883707497267 31.144823004794873 33.015148038438355 15.811388300841896 24.08318915758459 31.78049716414141 15.652475842498529 12.649110640673518 6.708203932499369 26.076809620810597 41.773197148410844 31.304951684997057 36.87817782917155 47.80167361086848 48.010415536631214 50.0 28.284271247461902 18.973665961010276 24.186773244895647 47.67598976424087 34.713109915419565 22.80350850198276 39.35733730830886 40.24922359499622 52.392747589718944 55.47071299343465 30.01666203960727 14.317821063276353 31.38470965295043 48.30113870293329 24.698178070456937 36.796738985948195 23.08679276123039 31.575306807693888 20.8806130178211 11.704699910719626 20.518284528683193 23.769728648009426 18.439088914585774 35.73513677041127 32.69556544854363 40.0 13.45362404707371 20.223748416156685 40.311288741492746 47.29693436154187 42.190046219457976 26.627053911388696 20.615528128088304 10.770329614269007 
38.28837943815329 24.041630560342615 47.853944456021594 43.18564576337837 6.708203932499369 14.317821063276353 27.202941017470888 19.1049731745428 56.08029957123981 40.24922359499622 41.773197148410844 39.56008088970496 18.027756377319946 14.317821063276353 26.1725046566048 4.47213595499958 9.219544457292887 17.88854381999832 36.124783736376884 52.630789467763066 33.24154027718932 35.84689665786984 47.01063709417264 54.12947441089743 53.150729063673246 33.54101966249684 28.0178514522438 31.78049716414141 55.02726596879042 45.60701700396552 33.83784863137726 50.53711507397311 49.64876634922564 61.40032573203501 65.43699259593154 37.36308338453881 8.94427190999916 20.248456731316587 49.47726750741192 28.0178514522438 34.48187929913333 16.97056274847714 23.706539182259394 10.04987562112089 15.231546211727817 26.0 32.2490309931942 28.0178514522438 44.40720662234904 41.88078318274385 50.24937810560445 24.20743687382041 25.96150997149434 45.27692569068709 51.0098029794274 42.720018726587654 23.323807579381203 24.08318915758459 9.0 11.180339887498949 
19.235384061671343 42.44997055358225 33.61547262794322 49.040799340956916 29.410882339705484 28.0178514522438 8.94427190999916 20.518284528683193 31.064449134018133 6.324555320336759 8.06225774829855 34.713109915419565 33.54101966249684 48.83646178829912 53.33854141237835 40.496913462633174 33.83784863137726 18.439088914585774 9.219544457292887 22.135943621178654 43.41658669218482 52.392747589718944 61.40032573203501 47.01063709417264 55.90169943749474 35.0 21.095023109728988 27.018512172212592 43.08131845707603 16.1245154965971 9.219544457292887 15.556349186104045 29.614185789921695 41.10960958218893 39.6232255123179 22.090722034374522 38.2099463490856 56.302753041036986 58.412327466040935 36.6742416417845 54.08326913195984 46.0 55.00909015790027 45.880278987817846 26.90724809414742 24.166091947189145 16.1245154965971 12.529964086141668 20.591260281974 25.495097567963924 25.0 15.297058540778355 29.966648127543394 43.93176527297759 52.40229002629561 54.378304497290095 46.69047011971501 34.17601498127012 34.132096331752024 25.0 36.05551275463989 
24.413111231467404 52.61178575186362 36.87817782917155 56.43580423808985 40.80441152620633 39.05124837953327 20.248456731316587 31.064449134018133 29.410882339705484 9.486832980505138 8.06225774829855 41.048751503547585 44.10215414239989 60.207972893961475 64.07027391856539 51.86520991955976 44.77722635447622 29.832867780352597 15.0 18.439088914585774 52.20153254455275 61.68468205316454 69.85699678629192 50.99019513592785 62.00806399170998 42.95346318982906 30.083217912982647 34.92849839314596 45.803929962395145 15.811388300841896 17.46424919657298 8.0 31.064449134018133 40.496913462633174 36.22154055254967 26.570660511172846 49.49747468305833 67.67569726275453 65.86349520030045 45.880278987817846 63.788713735268246 57.07889277132134 66.12110101926616 57.28001396647874 37.44329045369811 32.64965543462902 23.021728866442675 22.02271554554524 21.02379604162864 29.732137494637012 24.596747752497688 26.0 39.293765408777 50.0 58.412327466040935 62.64982043070834 57.21887800367987 43.93176527297759 45.39823785126467 36.40054944640259 47.43416490252569 11.40175425099138 
38.2099463490856 63.245553203367585 51.22499389946279 69.63476143421474 47.0 48.05205510693585 27.459060435491963 34.36568055487916 43.46262762420146 22.67156809750927 13.0 54.67174773134658 54.120236510939236 67.0 73.54590403278758 57.21887800367987 48.05205510693585 37.33630940518894 17.0 32.31098884280702 64.41273166075166 73.40980860893181 82.365041127896 65.29931086925804 75.82216034906945 55.758407437802596 42.05948168962618 47.70744176750625 60.21627686929839 30.23243291566195 29.68164415931166 21.540659228538015 45.48626166217664 54.62600113499065 49.47726750741192 21.400934559032695 57.21887800367987 72.69112738154499 79.05694150420949 57.697486947006624 75.02666192761077 65.62011886609167 74.43117626371358 63.12685640834652 40.024992192379 31.78049716414141 22.135943621178654 25.079872407968907 12.727922061357855 43.86342439892262 38.948684188300895 36.05551275463989 50.99019513592785 63.7808748764079 72.24956747275377 75.29276193632427 67.1863081289633 55.154328932550705 53.33854141237835 43.04648650006177 53.08483775994799 21.02379604162864 14.422205101855956 
35.0 65.79513659838392 32.7566787083184 57.42821606144492 66.46803743153546 59.81638571495272 49.92995093127971 62.12889826803627 18.384776310850235 36.235341863986875 43.68065933568311 43.68065933568311 61.05735008989499 81.8413098624405 78.79086241436883 77.15568676384133 73.87827826905551 55.97320787662612 49.9799959983992 20.808652046684813 59.481089431852205 69.12307863514182 72.3394774656273 42.1070065428546 57.07889277132134 49.9799959983992 45.803929962395145 45.17742799230607 35.05709628591621 27.80287754891569 39.824615503479755 28.160255680657446 26.570660511172846 22.20360331117452 12.041594578792296 62.36184731067546 70.80254232723568 91.8313671900838 65.03076195155643 56.462376853972415 72.80109889280519 75.29276193632427 83.64807230295268 81.05553651663777 68.24221567329127 66.64082832618455 57.9396237474839 55.00909015790027 56.71860364994893 33.54101966249684 23.021728866442675 48.79549159502341 52.354560450833695 48.25971404805462 54.00925846556311 65.62011886609167 71.58910531638176 57.245087125446844 67.00746227100382 62.24146527838174 72.86288492778748 42.485291572496 35.90264614203248 47.0 
25.298221281347036 57.723478758647246 28.635642126552707 53.33854141237835 54.817880294662984 49.24428900898052 37.013511046643494 49.20365840057018 14.317821063276353 23.021728866442675 30.083217912982647 38.01315561749642 51.62363799656123 71.58910531638176 70.60453243241541 65.80273550544841 61.5223536610881 43.93176527297759 36.40054944640259 8.94427190999916 53.150729063673246 63.12685640834652 68.26419266350405 41.23105625617661 55.362442142665635 43.18564576337837 35.84689665786984 36.87817782917155 34.438350715445125 15.811388300841896 27.65863337187866 14.560219778561036 21.37755832643195 24.08318915758459 16.1245154965971 48.76474136094644 60.41522986797286 80.99382692526635 61.98386886924694 48.83646178829912 66.37017402418047 65.92419889539804 74.67261881037788 70.178344238091 55.44366510251645 53.23532661682466 44.384682042344295 41.677331968349414 43.289721643826724 26.076809620810597 15.0 37.20215047547655 43.68065933568311 44.721359549995796 51.92301994298868 61.1310068623117 63.324560795950255 48.76474136094644 56.43580423808985 50.44799302251776 61.40032573203501 29.154759474226502 22.360679774997898 34.23448553724738 13.601470508735444 
51.10772935672255 34.17601498127012 41.7612260356422 19.209372712298546 57.697486947006624 48.877397639399746 65.06919393998976 68.5054742338158 56.293871780150276 66.2872536767062 76.21679604916491 34.48187929913333 42.05948168962618 52.23983154643591 37.0 58.9406481131655 66.85057965343307 58.60034129593445 75.69015788066504 63.90618123468183 26.627053911388696 22.561028345356956 12.0 30.066592756745816 15.132745950421556 33.301651610693426 47.4236228055175 41.23105625617661 37.12142238654117 61.26989472816156 59.20304046246274 71.55417527999327 49.040799340956916 50.039984012787215 60.13318551349163 85.14693182963201 49.33558553417604 62.0 9.899494936611665 33.60059523282288 25.079872407968907 43.56604182158393 44.04543109109048 56.71860364994893 69.35416353759881 77.93587107359485 77.98717843338096 71.58910531638176 87.69264507357501 46.51881339845203 55.97320787662612 55.17245689653489 39.698866482558415 26.0 18.439088914585774 15.652475842498529 35.6931365951495 37.44329045369811 49.76946855251722 57.8013840664737 58.18934610390462 68.24954212300622 75.47184905645283 88.81441324469807 72.17340230306452 70.3420215802759 
18.027756377319946 30.4138126514911 6.082762530298219 19.026297590440446 41.97618372363071 32.28002478313795 37.64306044943742 46.17358552246078 21.02379604162864 33.421549934136806 44.40720662234904 7.211102550927978 29.5296461204668 50.21951811795888 42.80186911806539 49.76946855251722 51.78802950489621 36.013886210738214 46.06517122512408 28.231188426986208 21.95449840010015 31.016124838541646 34.0147027033899 9.848857801796104 21.02379604162864 14.212670403551895 21.02379604162864 15.132745950421556 8.54400374531753 26.40075756488817 28.178005607210743 36.61966684720111 13.341664064126334 18.35755975068582 26.92582403567252 57.9396237474839 40.70626487409524 61.29437168288782 27.294688127912362 21.2602916254693 34.92849839314596 41.86884283091664 48.83646178829912 51.478150704935004 50.00999900019995 54.74486277268398 50.92150822589606 44.9221548904324 57.8013840664737 12.041594578792296 20.248456731316587 29.274562336608895 20.615528128088304 10.04987562112089 17.46424919657298 27.16615541441225 36.124783736376884 23.853720883753127 38.07886552931954 39.319206502675 46.486557196677836 37.21558813185679 41.72529209005013 55.90169943749474 38.47076812334269 34.713109915419565 35.73513677041127 
4.47213595499958 30.066592756745816 18.110770276274835 32.449961479175904 27.80287754891569 20.808652046684813 17.26267650163207 27.294688127912362 22.20360331117452 14.7648230602334 24.758836806279895 17.69180601295413 23.08679276123039 43.04648650006177 42.579337712087536 38.18376618407357 36.235341863986875 18.384776310850235 25.553864678361276 19.697715603592208 28.160255680657446 37.8549864614954 45.69463863518345 30.463092423455635 38.897300677553446 18.788294228055936 7.280109889280518 10.770329614269007 27.459060435491963 13.341664064126334 7.810249675906654 22.090722034374522 16.76305461424021 29.120439557122072 31.622776601683793 37.33630940518894 31.906112267087632 52.80151512977634 41.88078318274385 22.20360331117452 40.311288741492746 37.33630940518894 46.17358552246078 42.01190307520001 32.28002478313795 35.014282800023196 30.364452901377952 24.515301344262525 37.44329045369811 10.0 16.278820596099706 10.770329614269007 16.0 26.90724809414742 35.38361202590826 38.48376280978771 35.35533905932738 21.02379604162864 28.0178514522438 23.853720883753127 33.97057550292606 17.029386365926403 24.166091947189145 37.20215047547655 39.05124837953327 28.635642126552707 51.61395160225576 20.615528128088304 
8.06225774829855 39.05124837953327 21.095023109728988 40.24922359499622 34.058772731852805 28.635642126552707 18.027756377319946 29.966648127543394 18.439088914585774 8.06225774829855 19.235384061671343 24.698178070456937 31.78049716414141 50.99019513592785 51.478150704935004 45.0 41.23105625617661 23.345235059857504 22.360679774997898 12.041594578792296 36.87817782917155 46.69047011971501 54.08326913195984 35.0 45.60701700396552 27.202941017470888 16.1245154965971 19.4164878389476 30.4138126514911 5.0 7.211102550927978 13.152946437965905 16.492422502470642 28.0178514522438 27.51363298439521 35.22782990761707 39.81205847478876 60.207972893961475 49.64876634922564 31.144823004794873 49.25444142409901 45.880278987817846 54.817880294662984 49.39635614091387 35.84689665786984 35.90264614203248 29.0 24.331050121192877 33.24154027718932 13.45362404707371 12.165525060596439 16.401219466856727 25.0 33.60059523282288 42.01190307520001 46.8187996428785 44.28317965096906 30.01666203960727 35.77708763999664 29.732137494637012 40.607881008493905 13.152946437965905 16.401219466856727 30.4138126514911 32.64965543462902 20.808652046684813 59.16924876994806 25.495097567963924 9.0 
24.839484696748443 55.54277630799526 23.08679276123039 48.041648597857254 56.639209034025185 49.678969393496885 41.14608122288197 53.23532661682466 8.246211251235321 28.160255680657446 37.12142238654117 33.734255586866 50.774009099144415 71.61005515987263 68.54195795277518 67.17886572427373 64.40496875241847 46.400431032480725 42.7551166528639 12.36931687685298 49.47726750741192 59.22837157984339 63.0317380372777 33.95585369269929 48.662100242385755 39.84971769034255 35.608987629529715 34.88552708502482 26.92582403567252 18.788294228055936 30.528675044947494 22.02271554554524 16.492422502470642 15.264337522473747 6.708203932499369 55.57877292636101 60.60528029800704 81.68843247363729 56.08029957123981 46.238512086787566 62.81719509815764 65.0 73.35529974037323 70.9365914038728 59.16924876994806 58.52349955359813 50.44799302251776 46.8187996428785 51.0 23.259406699226016 12.806248474865697 39.05124837953327 42.05948168962618 39.0 45.39823785126467 56.142675390472796 61.326992425847855 46.95742752749558 56.85068161420758 52.49761899362675 62.93647591023825 34.48187929913333 30.01666203960727 42.95346318982906 10.295630140987 9.433981132056603 63.788713735268246 29.017236257093817 29.0 23.323807579381203 
33.54101966249684 12.041594578792296 30.083217912982647 8.94427190999916 34.92849839314596 26.076809620810597 43.41658669218482 45.803929962395145 44.721359549995796 47.16990566028302 55.94640292279746 19.235384061671343 19.235384061671343 32.55764119219941 20.248456731316587 37.21558813185679 44.27188724235731 36.124783736376884 54.405882034941776 49.040799340956916 4.47213595499958 6.324555320336759 13.601470508735444 26.1725046566048 18.439088914585774 14.142135623730951 26.832815729997478 21.840329667841555 31.064449134018133 44.553338819890925 39.395431207184416 54.3415126767741 36.49657518178932 42.95346318982906 51.54609587543949 62.93647591023825 27.294688127912362 43.41658669218482 13.601470508735444 11.40175425099138 10.295630140987 23.345235059857504 27.294688127912362 36.05551275463989 46.52956049652737 55.21775076911409 55.86591089385369 49.51767361255979 66.21933252457322 31.0 42.04759208325728 33.60059523282288 18.027756377319946 16.401219466856727 17.46424919657298 7.211102550927978 15.524174696260024 14.866068747318506 27.202941017470888 34.9857113690718 35.90264614203248 47.885279575251516 56.64803615307419 68.8839603971781 62.81719509815764 57.0350769263968 22.825424421026653 24.698178070456937 32.57299494980466 41.23105625617661 52.952809179494906 
32.14031735997639 9.0 30.083217912982647 11.40175425099138 31.78049716414141 23.021728866442675 40.80441152620633 42.80186911806539 44.384682042344295 45.221676218380054 53.665631459994955 18.973665961010276 16.1245154965971 29.832867780352597 18.439088914585774 34.132096331752024 41.10960958218893 33.24154027718932 51.86520991955976 48.010415536631214 3.1622776601683795 7.0710678118654755 16.278820596099706 27.65863337187866 21.213203435596427 13.038404810405298 24.698178070456937 20.223748416156685 32.01562118716424 43.18564576337837 37.33630940518894 52.773099207835045 36.138621999185304 43.41658669218482 51.62363799656123 60.108235708594876 24.186773244895647 40.80441152620633 16.76305461424021 8.94427190999916 10.198039027185569 20.615528128088304 25.238858928247925 33.13608305156178 43.41658669218482 52.20153254455275 53.075418038862395 46.75467891024384 63.60031446463138 30.14962686336267 41.30375285612676 31.064449134018133 15.652475842498529 17.69180601295413 19.924858845171276 10.295630140987 13.0 12.041594578792296 24.041630560342615 31.906112267087632 32.7566787083184 45.617978911828175 54.70831746635972 66.64082832618455 62.6418390534633 56.22277118748239 25.942243542145693 25.059928172283335 30.805843601498726 39.6232255123179 52.630789467763066 3.1622776601683795 
36.345563690772494 11.704699910719626 33.24154027718932 11.40175425099138 35.35533905932738 27.018512172212592 45.221676218380054 46.861498055439924 47.853944456021594 49.64876634922564 58.137767414994535 22.360679774997898 20.0 31.144823004794873 17.88854381999832 36.6742416417845 44.384682042344295 37.48332962798263 56.302753041036986 52.009614495783374 7.0710678118654755 3.1622776601683795 12.041594578792296 29.068883707497267 20.248456731316587 17.029386365926403 29.154759474226502 24.515301344262525 34.132096331752024 47.38143096192854 41.78516483155236 57.0701322935211 39.6232255123179 46.09772228646444 54.70831746635972 64.38167441127949 26.92582403567252 41.773197148410844 14.035668847618199 13.416407864998739 7.211102550927978 22.02271554554524 25.079872407968907 35.014282800023196 47.16990566028302 56.22277118748239 57.38466694161429 51.088159097779204 68.00735254367721 34.0147027033899 45.09988913511872 35.510561809129406 20.12461179749811 19.4164878389476 19.72308292331602 7.0710678118654755 14.035668847618199 16.401219466856727 27.313000567495326 35.805027579936315 35.73513677041127 50.08991914547278 59.135437767890075 71.11258679024411 65.96969000988257 60.07495318350236 22.47220505424423 27.85677655436824 35.17101079013795 43.93176527297759 56.089214649520635 3.1622776601683795 4.47213595499958 
38.8329756778952 15.231546211727817 34.52535300326414 10.816653826391969 38.948684188300895 30.610455730027933 48.60041152089147 50.44799302251776 49.36598018878993 52.55473337388365 61.29437168288782 24.020824298928627 23.600847442411894 34.0147027033899 19.924858845171276 40.024992192379 47.92702786528704 41.012193308819754 59.64059020499378 54.147945482723536 9.848857801796104 4.123105625617661 8.48528137423857 28.844410203711913 18.35755975068582 19.4164878389476 32.202484376209235 27.202941017470888 34.438350715445125 49.8196748283246 44.77722635447622 59.665735560705194 41.19465984809196 46.8187996428785 55.78530272392541 67.89698078707183 30.364452901377952 44.40720662234904 11.045361017187261 16.64331697709324 8.06225774829855 25.019992006393608 27.202941017470888 38.118237105091836 50.774009099144415 59.81638571495272 60.876925020897694 54.56189146281496 71.40028011149536 36.05551275463989 47.0 38.8329756778952 23.323807579381203 19.697715603592208 18.439088914585774 4.123105625617661 17.029386365926403 19.849433241279208 30.870698080866262 39.408120990476064 39.21734310225516 53.23532661682466 62.03224967708329 74.24284477308234 67.26812023536856 62.0 18.973665961010276 28.861739379323623 37.94733192202055 46.57252408878007 57.55866572463264 5.385164807134504 7.810249675906654 3.605551275463989 
10.63014581273465 28.653097563788805 6.708203932499369 22.80350850198276 36.05551275463989 26.832815729997478 30.083217912982647 39.01281840626232 18.973665961010276 26.1725046566048 37.013511046643494 7.0710678118654755 25.495097567963924 46.69047011971501 41.593268686170845 44.77722635447622 45.60701700396552 29.068883707497267 38.47076812334269 23.345235059857504 22.360679774997898 32.2490309931942 37.48332962798263 17.46424919657298 27.202941017470888 12.649110640673518 14.142135623730951 9.433981132056603 15.0 20.12461179749811 20.591260281974 30.4138126514911 10.770329614269007 20.615528128088304 26.92582403567252 50.32891812864648 36.40054944640259 57.48912940721924 31.953090617340916 19.235384061671343 35.6931365951495 39.05124837953327 46.87216658103186 47.20169488482379 43.18564576337837 47.38143096192854 43.32435804486894 37.36308338453881 50.24937810560445 5.385164807134504 16.0 22.02271554554524 16.278820596099706 15.264337522473747 23.600847442411894 30.265491900843113 34.48187929913333 20.615528128088304 33.28663395418648 32.984845004941285 41.14608122288197 29.68164415931166 34.828149534535996 48.79549159502341 37.33630940518894 31.0 41.14608122288197 7.615773105863909 13.0 18.439088914585774 27.202941017470888 26.076809620810597 25.495097567963924 29.154759474226502 31.0 
13.416407864998739 31.622776601683793 2.8284271247461903 23.08679276123039 40.162171256046406 30.870698080866262 33.734255586866 43.0 17.11724276862369 28.600699292150182 39.66106403010388 8.54400374531753 29.206163733020468 50.32891812864648 44.41846462902562 48.76474136094644 49.72926703662542 33.13608305156178 41.6293165929973 23.40939982143925 24.351591323771842 33.95585369269929 38.05259518088089 14.422205101855956 25.942243542145693 15.264337522473747 18.24828759089466 13.416407864998739 11.045361017187261 21.400934559032695 23.769728648009426 31.622776601683793 9.0 16.97056274847714 24.166091947189145 53.75872022286245 40.22437072223753 61.220911460055866 31.78049716414141 22.20360331117452 37.64306044943742 42.44997055358225 50.0 51.03920062069938 47.265209192385896 51.24451190127583 46.84015371452148 41.0 53.23532661682466 7.211102550927978 15.524174696260024 26.0 20.0 14.560219778561036 22.360679774997898 31.0 37.44329045369811 24.041630560342615 37.21558813185679 37.107950630558946 45.18849411078001 32.64965543462902 36.76955262170047 50.99019513592785 35.17101079013795 30.265491900843113 40.496913462633174 5.0 16.492422502470642 20.615528128088304 25.317977802344327 27.65863337187866 27.51363298439521 30.805843601498726 32.2490309931942 4.123105625617661 
20.223748416156685 43.60045871318328 9.219544457292887 32.55764119219941 50.99019513592785 42.190046219457976 41.048751503547585 51.78802950489621 10.0 32.01562118716424 43.01162633521314 20.248456731316587 41.10960958218893 62.289646009589745 56.302753041036986 60.207972893961475 60.166435825965294 42.720018726587654 46.69047011971501 20.615528128088304 35.77708763999664 44.94441010848846 47.38143096192854 17.46424919657298 32.2490309931942 27.202941017470888 28.635642126552707 25.0 10.44030650891055 22.47220505424423 30.0 31.064449134018133 8.0 5.0 13.152946437965905 59.53990258641679 52.009614495783374 73.10950690573696 40.01249804748511 34.20526275297414 48.84669896727925 54.48853090330111 62.00806399170998 62.80127387243033 56.753854494650845 59.135437767890075 53.150729063673246 48.0 57.28001396647874 14.866068747318506 13.416407864998739 35.17101079013795 31.89043743820395 23.345235059857504 29.068883707497267 40.792156108742276 49.4064773081425 36.069377593742864 48.82622246293481 47.53945729601885 56.43580423808985 37.48332962798263 38.01315561749642 52.354560450833695 25.019992006393608 24.186773244895647 47.38143096192854 13.92838827718412 24.515301344262525 24.331050121192877 16.492422502470642 38.62641583165593 38.91015291668744 41.78516483155236 42.720018726587654 15.620499351813308 12.041594578792296 
16.0312195418814 38.01315561749642 3.605551275463989 28.071337695236398 45.69463863518345 36.71511950137164 37.05401462729781 47.265209192385896 12.165525060596439 29.546573405388315 40.718546143004666 14.7648230602334 35.4682957019364 56.639209034025185 50.774009099144415 54.70831746635972 55.02726596879042 37.8549864614954 43.68065933568311 20.808652046684813 30.463092423455635 39.84971769034255 43.04648650006177 15.264337522473747 29.120439557122072 21.633307652783937 23.40939982143925 19.4164878389476 9.219544457292887 20.808652046684813 26.30589287593181 30.4138126514911 5.656854249492381 10.63014581273465 18.027756377319946 56.293871780150276 46.400431032480725 67.47592163134935 36.124783736376884 28.600699292150182 43.657759905886145 48.83646178829912 56.4003546088143 57.201398584300364 51.97114584074513 55.0 49.64876634922564 44.181444068749045 54.78138369920935 10.04987562112089 12.806248474865697 30.4138126514911 26.248809496813376 19.0 25.709920264364882 36.22154055254967 43.829214001622255 30.4138126514911 43.266615305567875 42.37924020083418 51.0 34.48187929913333 36.61966684720111 51.03920062069938 29.427877939124322 26.248809496813376 44.14748010928823 9.055385138137417 20.024984394500787 21.540659228538015 20.0 33.52610922848042 33.61547262794322 36.68787265568828 37.8549864614954 10.0 6.4031242374328485 5.656854249492381 
19.209372712298546 29.0 8.06225774829855 17.029386365926403 41.593268686170845 31.78049716414141 38.27531841800928 46.389654018972806 23.021728866442675 34.713109915419565 45.60701700396552 6.324555320336759 28.635642126552707 49.09175083453431 41.23105625617661 49.040799340956916 51.478150704935004 36.124783736376884 47.01063709417264 30.083217912982647 20.248456731316587 29.154759474226502 32.01562118716424 9.219544457292887 19.235384061671343 13.038404810405298 21.213203435596427 15.0 9.433981132056603 28.0178514522438 29.154759474226502 38.27531841800928 15.297058540778355 20.12461179749811 28.861739379323623 58.69412236331676 39.81205847478876 60.207972893961475 25.317977802344327 20.0 33.1058907144937 40.607881008493905 47.38143096192854 50.53711507397311 50.00999900019995 55.10898293381942 51.62363799656123 45.5411901469428 58.83026432033091 13.45362404707371 22.135943621178654 29.614185789921695 19.924858845171276 8.06225774829855 15.652475842498529 25.179356624028344 34.655446902326915 22.825424421026653 37.33630940518894 39.11521443121589 45.880278987817846 38.27531841800928 43.18564576337837 57.28001396647874 40.44749683231337 36.6742416417845 33.83784863137726 2.0 21.470910553583888 26.870057685088806 31.016124838541646 22.847319317591726 23.323807579381203 26.0 26.92582403567252 8.602325267042627 6.708203932499369 15.811388300841896 11.045361017187261 
14.866068747318506 42.05948168962618 9.0 34.0 46.647615158762406 38.41874542459709 35.22782990761707 46.32493928760188 6.0 25.709920264364882 36.68787265568828 19.6468827043885 38.28837943815329 59.464274989274024 55.00909015790027 56.4003546088143 55.46169849544819 37.69615364994153 40.44749683231337 14.866068747318506 35.4400902933387 45.12205669071391 49.0 21.470910553583888 35.4400902933387 26.0 24.413111231467404 22.02271554554524 15.0 16.15549442140351 24.08318915758459 25.0 2.8284271247461903 10.04987562112089 13.601470508735444 53.33854141237835 48.79549159502341 70.00714249274856 42.2965719651132 32.64965543462902 48.76474136094644 52.20153254455275 60.207972893961475 59.464274989274024 51.54609587543949 53.33854141237835 47.042533945356304 42.04759208325728 50.96076922496363 10.63014581273465 7.211102550927978 30.083217912982647 29.206163733020468 25.079872407968907 32.01562118716424 42.04759208325728 47.885279575251516 33.83784863137726 45.34313619501854 42.941821107167776 52.43090691567332 31.25699921617557 31.76476034853718 46.14108798023731 24.041630560342615 19.924858845171276 50.44799302251776 15.033296378372908 19.313207915827967 18.110770276274835 14.142135623730951 38.8329756778952 38.600518131237564 41.97618372363071 43.41658669218482 13.416407864998739 11.180339887498949 6.324555320336759 6.324555320336759 17.029386365926403 
26.076809620810597 36.05551275463989 40.049968789001575 48.25971404805462 17.0 19.72308292331602 5.830951894845301 6.4031242374328485 42.05948168962618 19.849433241279208 18.681541692269406 37.0 26.627053911388696 37.0 44.598206241955516 27.459060435491963 19.72308292331602 8.602325267042627 13.0 34.9857113690718 40.36087214122113 47.634021455258214 58.0 51.419840528729765 56.824290580701486 34.48187929913333 21.18962010041709 27.85677655436824 49.25444142409901 28.178005607210743 16.76305461424021 29.732137494637012 38.3275357934736 50.635955604688654 51.264022471905186 18.384776310850235 27.459060435491963 43.174066289845804 57.0087712549569 33.301651610693426 48.25971404805462 36.138621999185304 44.721359549995796 33.24154027718932 12.727922061357855 13.038404810405298 11.40175425099138 5.385164807134504 22.847319317591726 32.0 35.73513677041127 12.649110640673518 27.202941017470888 45.69463863518345 53.665631459994955 51.66236541235796 38.91015291668744 29.698484809834994 23.769728648009426 13.152946437965905 23.194827009486403 14.212670403551895 25.059928172283335 30.0 55.758407437802596 42.80186911806539 66.84309986827361 41.773197148410844 22.0 23.769728648009426 46.95742752749558 44.553338819890925 41.72529209005013 46.010868281309364 49.51767361255979 34.36568055487916 38.2099463490856 46.2709412050371 42.01190307520001 42.20189569201838 40.607881008493905 
29.546573405388315 29.0 41.773197148410844 44.384682042344295 7.0710678118654755 13.038404810405298 14.317821063276353 7.211102550927978 47.01063709417264 28.0178514522438 28.635642126552707 36.05551275463989 20.0 27.018512172212592 35.77708763999664 17.46424919657298 11.40175425099138 6.708203932499369 23.021728866442675 41.773197148410844 35.35533905932738 41.10960958218893 52.009614495783374 51.03920062069938 53.75872022286245 31.78049716414141 21.213203435596427 27.0 50.24937810560445 34.713109915419565 22.67156809750927 38.27531841800928 41.78516483155236 54.08326913195984 56.43580423808985 25.942243542145693 18.027756377319946 33.24154027718932 52.354560450833695 28.635642126552707 41.036569057366385 26.92582403567252 35.17101079013795 23.194827009486403 8.06225774829855 16.278820596099706 19.924858845171276 15.033296378372908 32.01562118716424 34.48187929913333 40.8166632639171 14.317821063276353 23.769728648009426 43.73785545725808 50.96076922496363 46.32493928760188 30.805843601498726 24.596747752497688 14.7648230602334 4.242640687119285 13.152946437965905 23.259406699226016 34.539832078341085 40.01249804748511 62.48199740725323 50.20956084253277 61.91122676865643 42.04759208325728 25.079872407968907 29.832867780352597 53.009433122794285 39.11521443121589 36.05551275463989 40.0 43.60045871318328 35.35533905932738 39.45883931389772 49.33558553417604 44.384682042344295 42.0 44.384682042344295 10.04987562112089 
34.9857113690718 27.784887978899608 46.17358552246078 45.35416188179427 4.123105625617661 14.035668847618199 21.02379604162864 12.041594578792296 52.69724850502159 34.66987164671943 35.17101079013795 39.20459156782532 19.924858845171276 21.37755832643195 32.202484376209235 11.045361017187261 6.082762530298219 12.727922061357855 29.274562336608895 48.08326112068523 35.73513677041127 39.96248240537617 51.10772935672255 54.147945482723536 55.10898293381942 34.0147027033899 25.632011235952593 30.59411708155671 54.12947441089743 41.012193308819754 29.0 44.94441010848846 46.95742752749558 59.09314681077663 62.12889826803627 30.364452901377952 14.212670403551895 26.68332812825267 52.55473337388365 29.614185789921695 39.20459156782532 23.021728866442675 30.463092423455635 17.0 8.602325267042627 19.235384061671343 25.179356624028344 21.095023109728988 37.33630940518894 39.395431207184416 46.61544808322666 20.0 26.0 46.04345773288535 52.61178575186362 46.09772228646444 28.319604517012593 25.495097567963924 12.206555615733702 6.708203932499369 7.0710678118654755 29.966648127543394 41.23105625617661 46.17358552246078 68.6804193347711 56.639209034025185 61.741396161732524 45.70557952810576 30.528675044947494 36.069377593742864 59.033888572581766 39.0 35.84689665786984 39.35733730830886 42.941821107167776 39.56008088970496 43.68065933568311 54.230987451824994 49.040799340956916 45.39823785126467 49.64876634922564 16.492422502470642 6.708203932499369 
36.796738985948195 19.6468827043885 45.27692569068709 39.05124837953327 8.06225774829855 12.041594578792296 28.284271247461902 21.840329667841555 54.45181356024793 40.496913462633174 43.18564576337837 36.40054944640259 14.317821063276353 12.041594578792296 22.02271554554524 6.324555320336759 13.601470508735444 18.439088914585774 38.01315561749642 51.86520991955976 29.068883707497267 31.38470965295043 42.5440947723653 50.695167422546305 49.040799340956916 30.083217912982647 26.1725046566048 29.154759474226502 52.0 44.94441010848846 33.54101966249684 50.695167422546305 47.634021455258214 59.07622195096772 63.702433234531945 40.496913462633174 4.47213595499958 20.248456731316587 45.12205669071391 24.186773244895647 30.01666203960727 12.806248474865697 20.248456731316587 9.433981132056603 18.867962264113206 29.5296461204668 34.92849839314596 30.14962686336267 47.07440918375928 39.824615503479755 48.83646178829912 23.706539182259394 22.847319317591726 41.593268686170845 47.01063709417264 38.3275357934736 18.867962264113206 20.396078054371138 5.385164807134504 12.041594578792296 4.47213595499958 36.87817782917155 48.27007354458868 55.00909015790027 71.7007670809734 60.74537019394976 53.75872022286245 43.46262762420146 32.64965543462902 39.96248240537617 61.61980201201558 31.575306807693888 28.442925306655784 31.32091952673165 34.785054261852174 38.58756276314948 42.5440947723653 54.08326913195984 48.54894437575342 42.720018726587654 50.44799302251776 25.019992006393608 15.132745950421556 10.295630140987 
48.27007354458868 31.016124838541646 57.706152185014034 51.03920062069938 16.278820596099706 24.186773244895647 35.77708763999664 25.709920264364882 66.06814663663572 49.39635614091387 49.64876634922564 49.040799340956916 26.92582403567252 13.601470508735444 29.068883707497267 6.324555320336759 12.041594578792296 27.202941017470888 43.41658669218482 62.369864518050704 41.048751503547585 41.773197148410844 52.630789467763066 63.324560795950255 61.032778078668514 42.720018726587654 38.01315561749642 41.593268686170845 64.62197768561404 55.31726674375732 43.41658669218482 59.682493245507096 59.64059020499378 71.34423592694787 75.43208866258443 42.04759208325728 16.1245154965971 13.038404810405298 56.32051136131489 36.6742416417845 39.56008088970496 20.8806130178211 24.20743687382041 8.06225774829855 20.09975124224178 30.066592756745816 38.2099463490856 35.17101079013795 50.039984012787215 51.86520991955976 60.207972893961475 33.97057550292606 35.4682957019364 54.12947441089743 59.21148537234985 49.36598018878993 28.635642126552707 32.984845004941285 18.027756377319946 20.615528128088304 10.0 44.721359549995796 55.94640292279746 60.01666435249463 82.73451516749222 71.06335201775947 64.32728814430156 56.08029957123981 43.93176527297759 50.32891812864648 72.86288492778748 43.04648650006177 40.01249804748511 42.2965719651132 45.5411901469428 51.0 55.00909015790027 66.37017402418047 60.90155991434045 55.362442142665635 62.42595614005443 31.016124838541646 21.470910553583888 14.7648230602334 12.649110640673518 
33.61547262794322 7.0710678118654755 38.18376618407357 27.073972741361768 17.69180601295413 12.36931687685298 32.984845004941285 30.805843601498726 49.92995093127971 42.04759208325728 47.67598976424087 27.80287754891569 7.280109889280518 15.264337522473747 13.152946437965905 18.110770276274835 25.942243542145693 23.40939982143925 43.965895873961216 49.9799959983992 17.11724276862369 18.788294228055936 29.966648127543394 40.718546143004666 37.05401462729781 20.808652046684813 23.08679276123039 23.021728866442675 43.266615305567875 43.68065933568311 34.132096331752024 51.478150704935004 42.20189569201838 52.32590180780452 58.60034129593445 49.39635614091387 8.246211251235321 26.419689627245813 32.55764119219941 13.892443989449804 17.804493814764857 7.211102550927978 15.811388300841896 17.46424919657298 29.732137494637012 39.698866482558415 42.941821107167776 37.16180835212409 54.62600113499065 34.66987164671943 45.17742799230607 25.019992006393608 15.811388300841896 31.016124838541646 35.35533905932738 25.709920264364882 7.211102550927978 11.313708498984761 9.219544457292887 19.4164878389476 17.08800749063506 40.19950248448356 51.0098029794274 60.41522986797286 68.09552114493287 58.872744118140105 41.10960958218893 35.0 30.364452901377952 39.05124837953327 57.8013840664737 19.1049731745428 16.0312195418814 18.681541692269406 22.135943621178654 31.89043743820395 35.35533905932738 47.38143096192854 41.72529209005013 33.83784863137726 45.0 31.78049716414141 23.600847442411894 21.400934559032695 12.649110640673518 24.0 
15.297058540778355 36.138621999185304 29.832867780352597 43.18564576337837 24.596747752497688 22.02271554554524 6.324555320336759 18.35755975068582 30.083217912982647 8.94427190999916 14.317821063276353 29.410882339705484 27.294688127912362 43.41658669218482 47.16990566028302 35.77708763999664 30.4138126514911 13.416407864998739 13.601470508735444 23.021728866442675 37.21558813185679 46.09772228646444 55.226805085936306 42.5440947723653 50.44799302251776 29.068883707497267 15.0 21.213203435596427 39.293765408777 16.1245154965971 5.0 19.235384061671343 27.0 39.11521443121589 39.21734310225516 25.298221281347036 32.55764119219941 51.478150704935004 52.49761899362675 30.4138126514911 47.75981574503821 40.049968789001575 49.09175083453431 40.85339643163099 24.413111231467404 24.331050121192877 18.439088914585774 13.0 25.612496949731394 21.587033144922902 23.769728648009426 9.055385138137417 23.706539182259394 38.600518131237564 47.01063709417264 48.25971404805462 40.44749683231337 27.85677655436824 28.442925306655784 20.12461179749811 31.304951684997057 6.324555320336759 17.029386365926403 27.313000567495326 43.829214001622255 31.144823004794873 62.369864518050704 32.69556544854363 12.083045973594572 11.704699910719626 34.88552708502482 41.677331968349414 39.35733730830886 43.829214001622255 47.01063709417264 25.079872407968907 28.460498941515414 35.0 31.25699921617557 33.54101966249684 29.068883707497267 12.083045973594572 19.209372712298546 25.80697580112788 31.622776601683793 40.496913462633174 34.058772731852805 
20.518284528683193 20.12461179749811 30.675723300355934 32.64965543462902 12.083045973594572 5.0990195135927845 16.15549442140351 17.88854381999832 38.28837943815329 25.317977802344327 30.59411708155671 24.0 10.770329614269007 27.313000567495326 30.265491900843113 21.93171219946131 21.587033144922902 7.810249675906654 27.313000567495326 35.510561809129406 24.20743687382041 31.400636936215164 41.72529209005013 39.0 41.78516483155236 19.6468827043885 10.295630140987 15.132745950421556 38.63935817272331 28.653097563788805 17.72004514666935 35.17101079013795 31.906112267087632 43.829214001622255 47.634021455258214 34.655446902326915 16.15549442140351 36.61966684720111 41.048751503547585 17.204650534085253 32.2490309931942 23.08679276123039 32.14031735997639 25.80697580112788 20.223748416156685 27.294688127912362 27.65863337187866 21.400934559032695 38.58756276314948 24.186773244895647 32.526911934581186 8.06225774829855 11.704699910719626 31.575306807693888 38.897300677553446 35.4682957019364 23.769728648009426 13.45362404707371 12.083045973594572 9.055385138137417 17.804493814764857 23.08679276123039 34.0147027033899 43.41658669218482 55.31726674375732 44.41846462902562 50.80354318352215 30.265491900843113 16.278820596099706 23.706539182259394 45.27692569068709 28.319604517012593 25.45584412271571 29.732137494637012 33.24154027718932 24.041630560342615 28.160255680657446 38.91015291668744 33.61547262794322 30.066592756745816 34.66987164671943 16.278820596099706 12.165525060596439 15.524174696260024 16.401219466856727 27.80287754891569 17.11724276862369 17.0 
20.591260281974 50.15974481593781 32.55764119219941 52.773099207835045 40.311288741492746 37.48332962798263 20.248456731316587 31.89043743820395 25.0 7.0710678118654755 11.180339887498949 37.21558813185679 42.01190307520001 59.20304046246274 62.00806399170998 51.478150704935004 45.221676218380054 29.154759474226502 17.46424919657298 14.142135623730951 49.040799340956916 58.69412236331676 66.48308055437865 46.69047011971501 58.008620049092706 39.56008088970496 27.294688127912362 31.622776601683793 41.400483088968905 11.40175425099138 15.0 4.47213595499958 26.627053911388696 36.05551275463989 32.0624390837628 29.832867780352597 48.27007354458868 67.23094525588644 62.177166226839255 42.95346318982906 61.0 55.44366510251645 64.4980619863884 56.64803615307419 38.28837943815329 34.66987164671943 25.495097567963924 23.430749027719962 25.019992006393608 25.612496949731394 20.12461179749811 24.331050121192877 36.49657518178932 46.04345773288535 54.405882034941776 59.23681287847955 55.00909015790027 41.30375285612676 44.14748010928823 35.84689665786984 47.01063709417264 11.40175425099138 4.47213595499958 18.867962264113206 32.57299494980466 18.973665961010276 71.69379331573968 37.53664875824692 20.8806130178211 12.529964086141668 26.019223662515376 53.45091205957107 51.66236541235796 56.04462507680822 58.82176467941097 30.805843601498726 32.55764119219941 33.54101966249684 32.202484376209235 39.05124837953327 27.294688127912362 25.612496949731394 34.48187929913333 41.182520563948 47.43416490252569 55.94640292279746 49.09175083453431 15.811388300841896 32.38826948140329 
39.698866482558415 20.09975124224178 47.70744176750625 40.01249804748511 11.0 14.866068747318506 31.400636936215164 24.515301344262525 57.28001396647874 43.657759905886145 46.2709412050371 38.48376280978771 16.15549442140351 9.0 20.518284528683193 5.0990195135927845 14.866068747318506 21.587033144922902 41.0 54.91812087098393 30.01666203960727 31.32091952673165 42.37924020083418 52.49761899362675 50.00999900019995 31.953090617340916 29.0 31.622776601683793 54.12947441089743 48.02082881417188 36.6742416417845 53.85164807134504 50.32891812864648 61.61168720299745 66.48308055437865 43.01162633521314 5.0990195135927845 17.204650534085253 45.5411901469428 25.709920264364882 29.546573405388315 11.40175425099138 17.88854381999832 6.4031242374328485 21.02379604162864 31.78049716414141 37.656340767525464 33.06055050963308 49.8196748283246 42.5205832509386 51.73973328110612 26.832815729997478 25.059928172283335 43.174066289845804 48.16637831516918 38.63935817272331 18.384776310850235 22.135943621178654 7.810249675906654 15.132745950421556 5.830951894845301 40.024992192379 51.419840528729765 58.0 74.65252842335616 63.812224534175265 53.85164807134504 45.617978911828175 35.608987629529715 43.04648650006177 64.53681120105021 32.14031735997639 29.068883707497267 31.575306807693888 34.92849839314596 41.048751503547585 44.94441010848846 56.61271941887264 51.03920062069938 44.77722635447622 53.150729063673246 28.0 18.027756377319946 12.649110640673518 3.1622776601683795 11.045361017187261 13.038404810405298 34.785054261852174 19.4164878389476 50.59644256269407 
33.015148038438355 13.92838827718412 40.22437072223753 33.06055050963308 10.63014581273465 8.54400374531753 28.071337695236398 24.186773244895647 50.32891812864648 38.8329756778952 43.04648650006177 30.870698080866262 8.54400374531753 13.892443989449804 18.788294228055936 12.165525060596439 18.788294228055936 18.110770276274835 38.63935817272331 48.76474136094644 23.08679276123039 25.942243542145693 37.12142238654117 44.9221548904324 43.04648650006177 24.351591323771842 22.20360331117452 24.20743687382041 46.51881339845203 42.04759208325728 31.32091952673165 48.76474136094644 43.139309220245984 54.20332093147061 59.413803110051795 42.941821107167776 2.8284271247461903 24.041630560342615 39.293765408777 18.24828759089466 25.0 10.198039027185569 19.026297590440446 13.601470508735444 22.627416997969522 32.802438933713454 36.76955262170047 31.32091952673165 48.703182647543684 35.35533905932738 45.0 21.587033144922902 17.4928556845359 35.6931365951495 41.012193308819754 32.57299494980466 14.142135623730951 14.560219778561036 2.23606797749979 13.0 10.198039027185569 36.05551275463989 47.265209192385896 55.44366510251645 68.00735254367721 57.706152185014034 48.104053883222775 38.01315561749642 29.154759474226502 37.16180835212409 57.8013840664737 25.709920264364882 22.561028345356956 25.632011235952593 29.154759474226502 33.60059523282288 37.44329045369811 49.20365840057018 43.60045871318328 37.16180835212409 45.967379738244816 25.96150997149434 17.0 14.212670403551895 6.0 18.439088914585774 7.211102550927978 30.265491900843113 13.601470508735444 45.89117562233506 7.615773105863909 
33.97057550292606 18.384776310850235 42.5440947723653 37.21558813185679 6.708203932499369 9.219544457292887 26.076809620810597 20.615528128088304 51.62363799656123 37.94733192202055 41.048751503547585 33.83784863137726 12.041594578792296 14.317821063276353 22.47220505424423 8.94427190999916 14.317821063276353 16.1245154965971 36.124783736376884 49.09175083453431 27.294688127912362 30.4138126514911 41.593268686170845 48.27007354458868 47.16990566028302 27.65863337187866 23.345235059857504 26.419689627245813 49.39635614091387 42.190046219457976 30.870698080866262 48.104053883222775 44.82186966202994 56.302753041036986 60.876925020897694 39.395431207184416 4.47213595499958 23.021728866442675 43.68065933568311 22.02271554554524 29.410882339705484 13.416407864998739 21.587033144922902 12.206555615733702 18.439088914585774 28.844410203711913 33.52610922848042 28.442925306655784 45.60701700396552 37.013511046643494 46.010868281309364 21.02379604162864 20.248456731316587 39.319206502675 45.0111097397076 37.0 18.439088914585774 18.110770276274835 3.0 10.04987562112089 6.0 34.52535300326414 45.89117562233506 53.08483775994799 68.8839603971781 57.982756057296896 52.55473337388365 40.85339643163099 29.832867780352597 37.21558813185679 58.7962583843564 30.083217912982647 26.92582403567252 30.083217912982647 33.61547262794322 35.84689665786984 39.824615503479755 51.31276644267 45.79301256742124 40.162171256046406 47.634021455258214 23.194827009486403 13.601470508735444 9.899494936611665 2.8284271247461903 15.231546211727817 11.661903789690601 29.120439557122072 13.601470508735444 44.9221548904324 5.830951894845301 4.47213595499958 
26.627053911388696 13.45362404707371 34.132096331752024 29.832867780352597 11.40175425099138 3.1622776601683795 23.769728648009426 22.627416997969522 43.93176527297759 33.24154027718932 38.47076812334269 25.298221281347036 4.47213595499958 20.248456731316587 22.360679774997898 17.46424919657298 21.213203435596427 14.317821063276353 34.785054261852174 42.485291572496 20.248456731316587 25.495097567963924 36.40054944640259 39.81205847478876 39.6232255123179 19.235384061671343 15.811388300841896 18.027756377319946 40.85339643163099 35.84689665786984 25.495097567963924 42.95346318982906 36.796738985948195 48.010415536631214 53.03772242470448 40.80441152620633 9.219544457292887 30.4138126514911 37.16180835212409 14.142135623730951 25.612496949731394 15.132745950421556 24.186773244895647 19.849433241279208 22.825424421026653 31.89043743820395 34.132096331752024 28.178005607210743 45.617978911828175 29.0 38.600518131237564 16.0312195418814 11.704699910719626 31.064449134018133 37.21558813185679 30.886890422961002 16.15549442140351 10.04987562112089 5.830951894845301 11.40175425099138 14.317821063276353 31.064449134018133 42.01190307520001 51.19570294468082 61.61168720299745 51.42956348249516 46.52956049652737 32.31098884280702 22.825424421026653 31.016124838541646 51.40038910358559 23.706539182259394 20.591260281974 24.413111231467404 28.0178514522438 27.459060435491963 31.38470965295043 43.01162633521314 37.44329045369811 31.622776601683793 39.6232255123179 22.825424421026653 15.620499351813308 15.524174696260024 11.180339887498949 23.769728648009426 9.219544457292887 25.0 8.0 40.311288741492746 13.601470508735444 6.4031242374328485 8.54400374531753 
29.68164415931166 12.206555615733702 36.61966684720111 30.265491900843113 11.661903789690601 6.0 26.476404589747453 24.20743687382041 46.861498055439924 36.345563690772494 41.30375285612676 27.313000567495326 5.0990195135927845 17.204650534085253 19.6468827043885 15.524174696260024 20.8806130178211 16.76305461424021 37.36308338453881 45.617978911828175 20.396078054371138 24.413111231467404 35.510561809129406 41.48493702538308 40.19950248448356 20.8806130178211 18.867962264113206 20.615528128088304 42.95346318982906 39.0 28.635642126552707 46.09772228646444 39.59797974644666 50.60632371551998 55.90169943749474 42.720018726587654 6.4031242374328485 27.586228448267445 37.0 15.033296378372908 24.041630560342615 12.041594578792296 21.095023109728988 17.204650534085253 23.600847442411894 33.24154027718932 36.235341863986875 30.463092423455635 47.92702786528704 31.827660925679098 41.617304093369626 19.1049731745428 13.892443989449804 32.38826948140329 38.01315561749642 30.463092423455635 13.892443989449804 11.180339887498949 4.0 12.806248474865697 13.0 34.0147027033899 45.044422518220834 53.9351462406472 64.63745044476924 54.56189146281496 46.09772228646444 34.438350715445125 25.942243542145693 34.17601498127012 54.405882034941776 23.40939982143925 20.248456731316587 23.706539182259394 27.294688127912362 30.0 33.83784863137726 45.60701700396552 40.0 33.61547262794322 42.42640687119285 25.079872407968907 17.029386365926403 15.652475842498529 9.219544457292887 21.840329667841555 6.708203932499369 28.0178514522438 11.045361017187261 43.41658669218482 11.180339887498949 3.605551275463989 7.0 3.1622776601683795 
29.068883707497267 16.401219466856727 37.589892258425 33.734255586866 7.615773105863909 4.242640687119285 23.08679276123039 20.0 46.66904755831214 33.95585369269929 38.05259518088089 29.120439557122072 8.246211251235321 18.384776310850235 23.40939982143925 13.892443989449804 17.26267650163207 13.152946437965905 33.734255586866 44.41846462902562 24.041630560342615 28.600699292150182 39.66106403010388 43.73785545725808 43.56604182158393 23.194827009486403 18.384776310850235 21.470910553583888 44.598206241955516 37.589892258425 26.570660511172846 43.965895873961216 39.824615503479755 51.31276644267 55.90169943749474 38.58756276314948 7.280109889280518 27.80287754891569 40.85339643163099 18.110770276274835 28.284271247461902 15.132745950421556 24.020824298928627 17.029386365926403 19.4164878389476 29.0 32.202484376209235 26.570660511172846 44.01136216933077 32.01562118716424 41.10960958218893 16.76305461424021 15.524174696260024 35.05709628591621 41.19465984809196 34.438350715445125 18.027756377319946 14.035668847618199 3.1622776601683795 8.602325267042627 10.44030650891055 31.064449134018133 42.2965719651132 50.48762224545735 64.03124237432849 53.33854141237835 50.08991914547278 36.05551275463989 25.0 32.64965543462902 53.907327887774215 27.313000567495326 24.166091947189145 27.784887978899608 31.38470965295043 30.886890422961002 34.88552708502482 46.32493928760188 40.8166632639171 35.4400902933387 42.638011210655684 21.18962010041709 12.806248474865697 11.704699910719626 7.810249675906654 20.12461179749811 10.816653826391969 25.317977802344327 8.94427190999916 41.0 10.63014581273465 5.0 5.0 4.0 4.242640687119285 
32.2490309931942 10.770329614269007 38.41874542459709 30.01666203960727 13.45362404707371 9.0 29.427877939124322 26.627053911388696 49.20365840057018 39.319206502675 44.28317965096906 28.653097563788805 6.4031242374328485 14.866068747318506 16.76305461424021 15.033296378372908 21.93171219946131 19.6468827043885 40.26164427839479 48.33218389437829 20.024984394500787 22.825424421026653 34.0 42.37924020083418 40.01249804748511 21.93171219946131 21.470910553583888 22.627416997969522 44.294469180700204 41.78516483155236 31.575306807693888 49.03060268852505 41.773197148410844 52.49761899362675 58.137767414994535 45.27692569068709 5.0990195135927845 25.612496949731394 36.138621999185304 15.524174696260024 22.02271554554524 9.055385138137417 18.110770276274835 15.652475842498529 25.495097567963924 35.4682957019364 38.91015291668744 33.24154027718932 50.695167422546305 34.058772731852805 44.10215414239989 22.090722034374522 15.620499351813308 32.984845004941285 38.05259518088089 29.410882339705484 11.40175425099138 12.083045973594572 5.0 15.264337522473747 13.341664064126334 37.013511046643494 48.041648597857254 56.88585061331157 67.11929677819934 57.271284253105414 44.94441010848846 35.84689665786984 28.635642126552707 37.0 56.859475903318 22.561028345356956 19.4164878389476 22.47220505424423 26.0 31.89043743820395 35.608987629529715 47.50789408087881 41.86884283091664 34.88552708502482 44.598206241955516 27.85677655436824 19.4164878389476 17.204650534085253 9.055385138137417 21.213203435596427 4.242640687119285 31.016124838541646 14.035668847618199 46.389654018972806 10.198039027185569 3.1622776601683795 7.615773105863909 6.082762530298219 3.0 6.708203932499369 
35.608987629529715 16.492422502470642 43.266615305567875 36.013886210738214 9.848857801796104 10.816653826391969 29.017236257093817 23.769728648009426 53.075418038862395 40.52159917870962 44.01136216933077 34.0147027033899 11.704699910719626 11.704699910719626 19.4164878389476 9.055385138137417 16.64331697709324 19.026297590440446 39.20459156782532 51.10772935672255 26.019223662515376 28.231188426986208 39.395431207184416 48.08326112068523 46.010868281309364 27.51363298439521 24.839484696748443 27.202941017470888 49.658836071740545 44.294469180700204 33.24154027718932 50.59644256269407 46.010868281309364 57.201398584300364 62.22539674441618 42.5440947723653 1.4142135623730951 21.2602916254693 41.97618372363071 21.37755832643195 26.92582403567252 10.295630140987 18.439088914585774 10.63014581273465 21.400934559032695 31.906112267087632 36.68787265568828 31.575306807693888 48.76474136094644 38.2099463490856 47.634021455258214 23.40939982143925 20.591260281974 38.8329756778952 44.04543109109048 35.17101079013795 15.811388300841896 17.72004514666935 3.605551275463989 13.152946437965905 7.615773105863909 37.33630940518894 48.662100242385755 56.142675390472796 70.60453243241541 60.03332407921454 50.59644256269407 41.14608122288197 31.622776601683793 39.35733730830886 60.440052945046304 28.442925306655784 25.317977802344327 28.160255680657446 31.622776601683793 36.61966684720111 40.496913462633174 52.20153254455275 46.61544808322666 40.311288741492746 48.83646178829912 26.30589287593181 16.76305461424021 12.806248474865697 3.1622776601683795 15.297058540778355 9.486832980505138 31.78049716414141 15.652475842498529 47.53945729601885 4.47213595499958 3.1622776601683795 3.1622776601683795 9.219544457292887 6.708203932499369 6.708203932499369 6.0 
31.144823004794873 17.4928556845359 39.824615503479755 35.510561809129406 6.4031242374328485 6.4031242374328485 24.0 19.72308292331602 48.79549159502341 35.4400902933387 39.0 31.32091952673165 10.04987562112089 16.76305461424021 23.259406699226016 11.661903789690601 15.524174696260024 14.0 34.36568055487916 46.32493928760188 25.709920264364882 29.68164415931166 40.8166632639171 45.89117562233506 45.39823785126467 25.317977802344327 20.518284528683193 23.706539182259394 46.8187996428785 39.44616584663204 28.231188426986208 45.5411901469428 42.01190307520001 53.53503525729669 58.05170109479997 38.47076812334269 6.0 25.80697580112788 42.37924020083418 20.024984394500787 29.068883707497267 14.560219778561036 23.194827009486403 15.0 18.439088914585774 28.42534080710379 32.31098884280702 26.92582403567252 44.27188724235731 34.20526275297414 43.18564576337837 18.384776310850235 17.72004514666935 37.12142238654117 43.104524124504614 35.84689665786984 18.439088914585774 16.0 2.23606797749979 8.54400374531753 8.246211251235321 32.2490309931942 43.56604182158393 51.24451190127583 66.06814663663572 55.226805085936306 51.478150704935004 38.27531841800928 27.018512172212592 34.48187929913333 55.97320787662612 28.792360097775937 25.632011235952593 29.068883707497267 32.64965543462902 33.12099032335839 37.12142238654117 48.54894437575342 43.04648650006177 37.64306044943742 44.82186966202994 21.587033144922902 12.529964086141668 10.295630140987 5.656854249492381 17.88854381999832 11.313708498984761 26.68332812825267 10.816653826391969 42.44997055358225 8.602325267042627 4.47213595499958 2.8284271247461903 6.082762530298219 5.385164807134504 2.23606797749979 7.0710678118654755 5.0990195135927845 
38.600518131237564 17.029386365926403 45.803929962395145 37.05401462729781 12.36931687685298 13.892443989449804 32.0624390837628 26.248809496813376 55.97320787662612 43.68065933568311 47.042533945356304 36.235341863986875 13.892443989449804 8.54400374531753 17.69180601295413 8.246211251235321 17.69180601295413 22.090722034374522 42.1070065428546 54.20332093147061 27.073972741361768 28.160255680657446 39.21734310225516 49.9799959983992 47.042533945356304 29.546573405388315 27.80287754891569 29.832867780352597 51.884487084291386 47.41307836451879 36.40054944640259 53.75872022286245 48.79549159502341 59.81638571495272 65.06919393998976 44.94441010848846 2.8284271247461903 18.384776310850235 42.42640687119285 23.08679276123039 26.40075756488817 8.48528137423857 15.811388300841896 8.06225774829855 23.323807579381203 34.0 39.293765408777 34.36568055487916 51.419840528729765 41.012193308819754 50.60632371551998 26.570660511172846 23.021728866442675 40.52159917870962 45.27692569068709 35.510561809129406 15.231546211727817 19.697715603592208 6.708203932499369 16.0312195418814 8.48528137423857 40.44749683231337 51.78802950489621 59.07622195096772 73.60027173862879 63.13477647065839 50.695167422546305 43.41658669218482 34.66987164671943 42.485291572496 63.41135544995076 29.068883707497267 26.019223662515376 28.442925306655784 31.78049716414141 39.20459156782532 43.01162633521314 54.817880294662984 49.20365840057018 42.485291572496 51.62363799656123 29.154759474226502 19.4164878389476 14.7648230602334 4.47213595499958 14.0 10.0 34.92849839314596 18.788294228055936 50.695167422546305 3.1622776601683795 5.656854249492381 6.0 12.041594578792296 9.219544457292887 9.848857801796104 7.615773105863909 3.1622776601683795 8.246211251235321 
15.231546211727817 18.0 22.360679774997898 25.0 20.615528128088304 11.180339887498949 21.213203435596427 26.248809496813376 32.01562118716424 25.495097567963924 33.54101966249684 15.0 11.180339887498949 32.01562118716424 30.4138126514911 29.154759474226502 30.4138126514911 15.811388300841896 32.01562118716424 31.622776601683793 18.027756377319946 26.92582403567252 36.05551275463989 30.0 33.54101966249684 11.180339887498949 5.0 6.324555320336759 29.832867780352597 25.495097567963924 17.46424919657298 34.0 24.758836806279895 36.05551275463989 41.036569057366385 41.400483088968905 21.213203435596427 42.42640687119285 33.97057550292606 11.180339887498949 28.861739379323623 25.495097567963924 34.17601498127012 31.89043743820395 29.154759474226502 35.4682957019364 34.20526275297414 27.80287754891569 43.93176527297759 16.97056274847714 26.92582403567252 11.313708498984761 4.47213595499958 22.80350850198276 30.463092423455635 29.206163733020468 23.194827009486403 9.055385138137417 17.804493814764857 18.027756377319946 25.495097567963924 25.495097567963924 34.92849839314596 46.51881339845203 49.92995093127971 40.496913462633174 43.86342439892262 21.37755832643195 12.165525060596439 21.095023109728988 39.66106403010388 22.47220505424423 20.12461179749811 24.596747752497688 27.784887978899608 15.652475842498529 19.697715603592208 31.064449134018133 25.553864678361276 21.095023109728988 27.586228448267445 23.323807579381203 21.095023109728988 24.331050121192877 23.021728866442675 35.35533905932738 18.384776310850235 19.235384061671343 9.0 32.2490309931942 25.612496949731394 18.384776310850235 20.248456731316587 12.041594578792296 14.866068747318506 15.264337522473747 17.204650534085253 21.2602916254693 17.4928556845359 24.041630560342615 
