-35 
30 30 
2 2 28 
2 2 25 -36 
57 57 -8 43 43 
57 57 -1 44 45 -37 
-25 -25 25 -8 -12 43 45 
-25 -25 25 -11 -11 43 45 -26 
-7 -7 2 -8 -12 29 33 -12 -12 
-7 -7 2 -9 -12 29 33 -12 -12 -35 
57 57 11 43 45 -25 -31 45 46 35 34 
57 57 11 43 45 -25 -31 45 46 35 34 -45 
76 76 17 64 64 -15 -21 64 64 52 52 -19 -19 
84 84 26 44 45 4 2 72 72 61 60 4 4 -2 
11 11 -9 -2 -1 6 10 0 -2 0 -1 11 11 29 39 
12 12 -9 -3 0 6 9 1 -3 1 0 11 11 29 38 -39 
48 48 2 34 36 -23 -23 36 37 26 25 -12 -12 -4 0 2 2 
48 48 3 34 36 -14 -17 36 37 26 25 -31 -31 -6 4 12 12 -21 
3 3 28 -36 -36 46 44 -8 -9 -8 -8 44 44 63 44 1 0 35 35 
12 12 34 -27 -27 32 35 -3 0 1 1 33 33 51 33 10 9 33 33 -31 
30 30 14 -8 -9 32 32 16 15 5 5 23 23 39 33 28 27 24 14 -12 -17 
20 20 18 -10 -9 33 32 17 17 -4 -4 31 31 48 30 26 27 22 22 -10 -13 -22 
21 21 -17 35 33 -8 -1 6 6 20 20 11 11 17 26 0 0 11 12 36 22 11 24 
60 60 -2 49 46 -22 -19 46 46 32 32 -19 -19 -11 -4 15 15 -23 -19 49 35 24 35 -2 
2 2 15 17 17 33 31 -9 -9 5 5 20 20 36 45 -1 0 22 11 17 14 -8 1 -3 23 
2 2 15 17 17 33 31 -9 -9 5 5 20 20 36 45 -1 0 22 11 17 14 -8 1 -3 23 -40 
83 83 28 45 46 5 4 72 72 61 61 4 4 1 -28 39 39 0 4 43 32 32 30 28 -6 45 45 
2 2 17 18 18 35 32 -8 -8 7 7 23 23 39 48 0 1 23 14 16 14 -6 3 -1 24 -37 -37 42 
38 38 4 0 1 22 22 26 27 26 26 10 10 28 9 1 2 12 1 -2 -5 -14 -16 11 13 12 12 6 12 
38 38 4 -1 0 22 21 26 27 26 26 9 9 27 8 0 1 12 0 -1 -4 -13 -17 10 12 11 11 7 13 -39 
39 39 5 -1 0 23 20 27 28 27 27 6 6 26 5 -1 0 14 -3 -1 -3 -12 -15 11 15 13 13 10 15 -36 -37 
-13 -13 24 1 -1 33 35 -14 -28 0 0 34 34 51 60 9 8 46 34 1 1 15 17 8 37 -10 -10 64 -8 27 26 25 
-17 -17 22 -2 -1 31 34 -16 -28 -1 -1 33 33 51 60 9 9 45 33 1 -2 12 14 9 35 -13 -13 62 -11 25 24 24 -37 
-13 -13 22 1 -1 31 35 -28 -28 -14 -14 34 34 52 61 9 8 36 34 1 -13 15 17 -6 34 -10 -10 64 -8 38 38 37 -31 -25 
-16 -16 20 -2 -3 29 33 -31 -31 -17 -17 35 35 52 61 7 6 35 35 0 -14 13 14 -8 32 -12 -12 61 -10 35 35 36 -28 -28 -42 
1 1 38 0 0 56 57 -14 0 14 14 57 57 74 70 25 24 48 48 -1 -6 0 16 31 57 4 4 71 6 25 25 25 -8 -2 -8 -5 
-1 -1 37 -2 -2 55 57 -16 -2 12 12 56 56 73 69 24 23 47 47 -3 -8 -3 14 29 55 1 1 69 4 23 23 24 -5 -3 -6 -7 -37 
1 1 27 -37 -37 45 43 -10 -10 -10 -10 43 43 62 42 -1 0 34 34 -37 -28 -10 -12 36 48 15 15 43 16 -2 -3 -3 2 -2 2 -1 1 -1 
10 10 36 -28 -28 34 33 -1 -1 -1 -1 32 32 49 31 8 9 32 32 -28 -39 -12 -16 25 34 11 11 29 11 -6 -7 -5 2 -2 -9 -12 -1 -3 -31 
-12 -12 42 -2 -2 69 67 -13 -2 5 5 67 67 85 68 23 24 57 58 -1 -3 15 3 33 66 12 12 65 11 21 21 23 10 6 -1 -4 -19 -21 -3 -8 
-12 -12 42 -2 -2 69 67 -13 -2 5 5 67 67 85 68 23 24 57 58 -1 -3 15 3 33 66 12 12 65 11 21 21 23 10 6 -1 -4 -19 -21 -3 -8 -35 
3 3 16 17 18 34 32 -9 -10 7 7 21 21 38 47 0 -1 23 12 15 12 -11 3 -3 25 -37 -37 46 -35 11 12 15 -10 -11 -10 -12 5 3 16 12 15 15 
-6 -6 7 17 18 34 33 2 -10 -2 -2 33 33 51 60 0 -1 34 24 15 12 3 -6 8 36 -24 -24 57 -24 11 12 15 -10 -11 1 -1 16 14 16 13 17 17 -26 
-6 -6 7 17 18 34 33 2 -10 -2 -2 33 33 51 60 0 -1 34 24 15 12 3 -6 8 36 -24 -24 57 -24 11 12 15 -10 -11 1 -1 16 14 16 13 17 17 -26 -35 
-1 -1 34 -2 -2 52 58 -16 -2 12 12 57 57 74 69 24 23 48 48 -3 -8 0 14 29 52 2 2 69 4 23 23 24 -3 -6 -6 -7 -35 -37 -1 -3 -21 -21 3 14 14 
1 1 27 -37 -37 45 43 -10 -10 -10 -10 43 43 62 42 -1 0 34 34 -37 -28 -10 -12 36 48 15 15 43 16 -2 -3 -3 2 -2 2 -1 1 -1 -40 -31 -3 -3 16 16 16 -1 
-12 -12 41 -2 -2 68 66 -14 -2 4 4 66 66 84 67 22 23 57 57 -1 -4 14 2 32 67 11 11 66 12 20 20 22 10 6 -2 -5 -20 -22 -3 -7 -34 -34 13 17 17 -22 -3 
-12 -12 41 -2 -2 68 66 -14 -2 4 4 66 66 84 67 22 23 57 57 -1 -4 14 2 32 67 11 11 66 12 20 20 22 10 6 -2 -5 -20 -22 -3 -7 -34 -34 13 17 17 -22 -3 -35 
10 10 36 -28 -28 33 32 -1 -1 -1 -1 31 31 48 30 8 9 31 31 -28 -40 -13 -17 24 35 10 10 30 12 -7 -8 -6 2 -2 -10 -13 -2 -4 -31 -44 -7 -7 12 12 12 -4 -31 -8 -8 
20 20 18 -10 -9 33 32 17 17 -4 -4 31 31 48 30 26 27 22 22 -10 -13 -22 -35 24 35 1 1 30 3 -16 -17 -15 17 14 17 14 16 14 -12 -16 3 3 3 -6 -6 14 -12 2 2 -17 
19 19 33 -19 -19 42 40 8 8 -4 -4 29 29 36 30 17 18 40 29 -19 -31 -17 -8 21 32 5 5 30 8 2 1 3 -1 -5 -1 -4 -5 -8 -22 -35 2 2 8 21 21 -7 -22 1 1 -36 -8 
21 21 32 -18 -18 41 41 6 9 -1 -1 32 32 39 33 19 18 42 32 -22 -36 -22 -4 20 33 10 10 32 12 4 5 6 -3 -6 -4 -5 -10 -13 -19 -30 6 6 7 21 21 -10 -19 5 5 -31 -4 -44 
29 29 15 -10 -9 33 31 17 17 5 5 20 20 36 30 26 27 22 11 -10 -13 -35 -26 12 23 -13 -13 30 -10 -16 -17 -15 17 14 17 14 4 1 -12 -16 12 12 -10 3 3 2 -12 11 11 -17 -26 -22 -17 
56 56 10 17 18 19 17 44 44 32 32 6 6 22 5 18 19 17 6 17 5 5 1 10 9 15 15 3 18 -21 -22 -19 35 32 35 32 43 41 15 2 39 39 17 30 30 41 15 38 38 1 1 10 14 1 
29 29 22 18 16 31 31 29 17 44 44 19 19 28 9 19 20 30 19 16 4 4 2 -6 22 3 3 6 3 -22 -21 -18 8 7 19 17 43 41 15 3 39 39 1 1 1 41 15 38 38 2 2 2 4 2 -12 
1 1 12 18 18 21 18 2 -9 18 18 29 29 29 38 -5 -4 29 33 16 16 32 30 -15 21 3 3 33 1 15 16 19 -6 -10 -6 -9 28 26 15 15 24 24 3 3 3 26 15 24 24 15 30 15 16 30 25 -12 
2 2 6 16 16 15 20 1 -13 15 15 32 32 29 38 -8 -7 32 32 18 18 31 33 -22 21 5 5 39 7 20 19 20 -10 -10 -10 -13 27 25 17 17 25 25 7 7 7 25 17 25 25 17 33 17 18 33 27 -7 -43 
74 74 57 63 64 22 18 74 63 63 63 18 18 29 41 40 41 29 32 61 61 61 61 57 34 48 48 37 46 37 38 39 55 52 66 63 89 87 61 61 97 97 48 48 48 87 61 97 97 61 61 61 61 61 33 37 23 29 
65 65 45 53 54 10 5 65 52 54 54 5 5 20 32 28 29 19 19 53 53 53 51 45 24 40 40 29 40 30 29 28 43 43 54 52 80 78 51 51 88 88 40 40 40 78 51 88 88 51 51 51 53 51 26 30 17 17 -44 
20 20 3 36 36 12 9 21 10 25 25 9 9 16 27 11 12 9 11 34 23 12 21 -24 1 -6 -6 19 -8 -2 -1 2 1 -2 12 10 35 33 34 20 43 43 -6 -6 -6 33 34 43 43 21 21 18 21 9 3 -20 -22 -15 51 43 
24 24 3 39 36 12 12 23 9 23 23 12 12 18 31 12 11 12 15 39 26 15 26 -25 -8 0 0 28 2 5 4 6 0 -1 11 9 34 32 39 25 44 44 0 0 0 29 39 44 44 26 26 23 24 14 13 -14 -15 -16 57 47 -35 
65 65 48 53 54 13 9 54 38 54 54 9 9 20 32 20 21 22 23 52 42 42 38 31 27 38 38 29 38 50 51 54 57 54 56 54 68 66 51 37 74 74 39 52 52 66 51 74 74 38 38 38 42 38 52 29 0 4 10 3 28 35 
-7 -7 8 18 18 35 32 3 -8 -2 -2 34 34 52 61 0 1 34 25 16 14 5 -6 10 35 -24 -24 56 -26 12 13 16 -8 -11 3 1 17 15 16 11 16 16 -24 -33 -33 15 16 16 16 12 -6 21 23 3 30 3 1 7 46 40 -8 2 51 
-7 -7 8 18 18 35 32 3 -8 -2 -2 34 34 52 61 0 1 34 25 16 14 5 -6 10 35 -24 -24 56 -26 12 13 16 -8 -11 3 1 17 15 16 11 16 16 -24 -33 -33 15 16 16 16 12 -6 21 23 3 30 3 1 7 46 40 -8 2 51 -35 
20 20 25 9 10 23 22 20 20 37 37 22 22 40 21 22 23 23 22 7 7 7 7 -3 26 8 8 19 7 -17 -16 -15 11 9 22 20 34 32 7 7 34 34 6 6 6 32 7 34 34 7 7 16 16 7 -7 -36 1 5 37 30 -16 -11 29 7 7 
1 1 27 -37 -37 45 43 -10 -10 -10 -10 43 43 62 42 -1 0 34 34 -37 -28 -10 -12 36 48 15 15 43 16 -2 -3 -3 2 -2 2 -1 1 -1 -40 -31 -3 -3 16 16 16 -1 -40 -3 -3 -31 -12 -22 -19 -12 15 15 15 17 61 51 34 39 51 16 16 7 
40 40 -22 29 26 -4 3 26 26 12 12 3 3 7 18 -5 -5 -5 -6 29 24 4 16 -13 -12 4 4 21 7 -3 -4 -4 24 24 21 21 38 37 28 26 51 51 6 17 17 34 28 50 50 25 16 22 22 4 2 15 16 10 60 49 -4 -7 51 18 18 18 28 
22 22 1 10 8 -1 3 8 8 -6 -6 4 4 19 30 4 4 4 14 10 -1 -1 1 1 2 25 25 32 27 15 14 16 7 11 -7 -6 30 30 10 2 34 34 26 27 27 29 10 33 33 1 1 7 8 1 11 23 25 18 34 24 5 -5 24 29 29 18 10 -17 
20 20 0 6 6 -8 -3 6 6 -8 -8 0 0 17 27 -3 -3 0 9 10 -4 -4 -4 0 1 23 23 28 25 10 9 11 9 8 -5 -8 32 30 8 -3 32 32 25 25 25 30 8 31 31 -4 -4 5 5 -4 6 19 20 16 29 19 0 1 19 25 25 14 8 -10 -37 
31 31 -4 19 17 5 12 17 17 3 3 12 12 7 18 13 13 13 12 19 5 -3 10 -4 -3 22 22 21 25 15 14 14 5 6 2 3 28 27 19 8 42 42 24 35 35 24 19 41 41 7 10 -5 -6 -2 11 15 16 10 34 24 5 2 24 36 36 27 19 -22 -36 -28 
34 34 -2 22 19 7 9 20 23 9 9 9 9 6 19 15 15 9 13 22 8 -3 10 -2 -13 23 23 17 24 14 13 15 11 9 8 9 31 31 22 11 46 46 23 34 34 28 22 45 45 10 10 -3 -3 -2 10 14 12 12 31 21 1 -8 24 35 35 26 22 -12 -25 -25 -39 
4 4 12 -8 -10 30 34 -10 -10 -24 -24 23 23 41 50 2 1 26 14 -8 -13 -6 7 20 19 -5 -5 52 -2 17 16 16 -13 -12 -16 -15 1 0 -8 -10 15 15 -4 7 7 -3 -8 14 14 -11 7 -14 -15 -5 22 34 20 17 65 56 16 13 56 9 9 37 -8 -3 -8 -6 -13 -5 
5 5 13 -8 -9 31 34 -9 -9 -23 -23 22 22 39 48 2 1 25 13 -7 -9 -7 8 22 23 -4 -4 53 -1 18 17 16 -17 -10 -17 -14 -3 0 -7 -9 16 16 -5 8 8 1 -7 15 15 -10 8 -13 -11 -4 23 35 21 18 66 57 17 15 57 10 10 38 -7 1 -7 -5 -9 -3 -36 
39 39 -23 25 27 -5 -2 28 25 14 13 -3 -3 6 13 -12 -12 -12 -11 28 23 3 15 -14 -10 3 3 17 6 -7 -8 -6 23 23 24 23 39 37 27 25 51 51 4 16 16 34 27 50 50 24 15 21 21 3 -2 11 12 6 56 45 -8 -8 47 17 17 14 27 -30 -7 -14 -12 -10 1 2 
-2 -2 34 -3 -1 52 57 -17 -3 11 11 56 56 74 67 22 23 47 47 -2 -7 1 13 29 52 2 2 68 4 22 22 22 -3 -7 -5 -8 -35 -36 -2 -4 -22 -22 3 14 14 -39 -2 -23 -23 -5 13 -8 -9 1 40 40 25 24 87 78 33 29 66 15 15 32 -2 34 29 29 24 29 -3 0 34 
-6 -6 30 8 7 39 43 -21 -21 -7 -7 32 32 39 50 17 16 43 32 10 -4 12 24 2 26 -14 -14 52 -11 35 34 34 -30 -32 -32 -35 -8 -9 9 -2 5 5 -13 -2 -2 -12 9 4 4 -3 24 -15 -15 12 31 7 -8 -12 54 42 9 3 44 0 0 19 9 17 4 2 -10 -4 -19 -16 18 -13 
-4 -4 31 10 8 40 43 -19 -19 -5 -5 31 31 39 48 18 17 43 31 10 -4 11 26 3 32 -13 -13 53 -10 36 35 34 -36 -28 -36 -33 -13 -10 11 0 8 8 -12 -1 -1 -8 11 7 7 -1 26 -13 -17 14 32 8 -6 -10 55 43 10 9 45 1 1 20 11 19 2 4 -9 -3 -18 -22 20 -8 -44 
-24 -24 26 -10 -10 44 46 -25 -39 -11 -11 47 47 63 71 -1 -2 38 38 -8 1 16 18 7 45 -8 -8 73 -7 28 28 29 -27 -27 -27 -30 0 -2 -9 0 -2 -2 -9 -9 -9 -2 -9 -2 -2 0 18 9 10 18 45 18 -8 -12 64 53 11 8 56 -7 -7 21 -9 27 9 7 18 24 -9 -8 26 -3 -22 -18 
-3 -3 38 -2 -2 56 55 -14 -2 13 13 54 54 70 67 22 23 45 45 -1 -4 1 11 32 56 -3 -3 66 -1 20 20 22 -2 -6 -2 -5 -32 -35 -3 -7 -25 -25 0 13 13 -34 -3 -26 -26 -8 11 -13 -8 -3 38 38 24 25 84 75 30 32 61 12 12 31 -3 38 32 31 29 32 2 3 38 -35 -8 -5 -2 
20 20 18 -10 -9 33 32 17 17 -4 -4 31 31 48 30 26 27 22 22 -10 -13 -22 -35 24 35 1 1 30 3 -16 -17 -15 17 14 17 14 16 14 -12 -16 3 3 3 -6 -6 14 -12 2 2 -17 -35 -8 -4 -26 1 2 30 33 61 51 21 26 38 -6 -6 7 -12 16 1 -4 10 10 7 8 15 13 24 26 18 11 
-12 -12 39 -2 -2 66 68 -16 -2 2 2 68 68 86 67 22 23 59 59 -1 -6 12 4 30 66 13 13 68 14 22 22 22 10 6 -4 -7 -22 -24 -3 -5 -32 -32 15 17 17 -24 -3 -33 -33 -6 4 3 3 13 40 40 24 25 97 88 43 44 76 16 16 34 -3 48 31 29 39 43 12 14 48 -25 2 5 -2 -24 4 
39 39 -23 28 25 -5 0 25 25 11 11 0 0 6 15 -9 -9 -9 -8 28 23 3 14 -14 -13 2 2 14 3 -8 -9 -6 25 23 22 20 39 37 27 22 48 48 2 13 13 34 27 49 49 23 14 20 21 2 -3 10 9 9 54 42 -11 -8 47 14 14 14 27 -33 -13 -14 -15 -13 1 2 -31 34 19 20 26 37 14 48 
42 42 -18 31 28 0 1 28 30 16 16 1 1 7 15 -4 -4 -8 -5 31 26 6 17 -9 -12 3 3 15 4 -5 -6 -3 28 26 25 25 40 38 30 25 48 48 3 14 14 37 30 49 49 26 17 21 24 3 0 13 10 14 55 47 -10 -7 49 15 15 17 30 -30 -10 -9 -12 -12 4 5 -26 37 22 23 31 35 17 51 -35 
47 47 0 9 10 9 10 33 34 22 22 0 0 16 -1 11 12 10 0 7 -7 -7 -5 0 1 10 10 -6 9 -29 -28 -26 25 25 25 22 32 30 7 -4 32 32 11 22 22 30 7 31 31 -5 -5 4 2 -5 -32 -20 14 18 24 19 -6 3 43 19 19 -17 7 -7 2 -3 2 1 13 14 -11 29 22 23 35 31 -5 29 -8 -5 
20 20 16 -9 -8 32 35 15 16 -5 -5 33 33 51 32 27 28 24 24 -11 -16 -25 -32 23 35 4 4 31 4 -15 -14 -13 16 16 16 13 14 12 -11 -13 5 5 4 -5 -5 12 -11 4 4 -14 -32 -5 -7 -23 4 3 31 32 60 52 22 26 41 -5 -5 6 -11 15 0 -5 9 9 6 7 14 11 23 25 17 13 -32 2 14 17 -8 
20 20 16 -9 -8 32 35 15 16 -5 -5 32 32 51 31 26 27 23 23 -11 -16 -25 -32 23 35 4 4 31 4 -15 -14 -14 16 15 16 13 14 12 -11 -13 5 5 4 -5 -5 12 -11 4 4 -14 -32 -5 -7 -23 4 3 31 32 60 52 22 26 41 -5 -5 6 -11 15 0 -5 9 9 6 7 14 11 23 25 17 13 -32 2 14 17 -8 -35 
38 38 2 0 1 20 22 24 25 24 24 11 11 29 10 2 3 14 2 -2 -7 -16 -14 9 12 14 14 8 14 -38 -37 -35 25 26 36 33 23 21 -2 -4 23 23 13 13 13 21 -2 22 22 -5 -14 4 2 -14 -19 -20 17 18 37 30 0 3 52 14 14 -17 -2 -5 13 8 13 12 15 16 -9 20 33 34 26 22 -14 20 -6 -3 -31 -17 -17 
24 24 -11 38 37 -2 5 9 9 23 23 17 17 21 32 5 5 17 17 39 25 29 39 -39 -2 0 0 34 2 17 16 17 11 12 -3 -5 31 29 39 28 33 33 0 11 11 29 39 32 32 27 39 36 34 27 16 0 -9 -16 63 51 -18 -25 54 13 13 3 39 -7 7 5 2 -2 21 24 -9 29 3 6 8 32 39 30 -8 -3 6 29 29 15 
33 33 -2 47 46 7 14 18 18 32 32 14 14 9 20 14 14 14 14 48 34 24 36 -30 -7 -3 -3 23 0 17 16 17 8 7 6 4 28 27 48 37 42 42 -2 9 9 24 48 41 41 36 36 24 23 24 13 -11 -9 -16 63 47 -20 -30 44 11 11 1 48 -12 2 0 -12 -16 16 19 -12 24 -11 -6 17 29 36 39 -13 -8 4 35 35 15 -36 
39 39 -23 28 25 -5 0 25 25 11 11 0 0 6 14 -9 -9 -9 -8 28 23 3 14 -14 -13 2 2 14 3 -8 -9 -6 25 23 22 20 39 37 27 22 48 48 2 13 13 34 27 49 49 23 14 20 21 2 -3 10 9 9 54 42 -11 -8 47 14 14 14 27 -33 -13 -14 -15 -13 1 2 -31 34 19 20 26 37 14 48 -40 -35 -8 14 14 -6 -8 -13 
2 2 28 -37 -35 46 44 -8 -10 -8 -8 44 44 63 43 1 0 35 35 -39 -30 -11 -11 36 49 16 16 42 15 -3 -2 -2 2 0 2 -1 0 -2 -38 -29 -2 -2 16 16 16 -2 -38 -2 -2 -29 -11 -20 -21 -11 16 15 15 17 60 52 33 39 52 15 15 6 -38 29 10 9 19 22 -8 -7 28 -3 9 11 -9 -2 -11 -2 28 31 6 -12 -12 -3 39 48 28 
-12 -12 41 -2 -2 68 66 -14 -2 4 4 66 66 84 67 22 23 57 57 -1 -4 14 2 32 67 11 11 66 12 20 20 22 10 6 -2 -5 -20 -22 -3 -7 -34 -34 13 17 17 -22 -3 -35 -35 -8 2 1 5 11 38 38 24 25 97 88 43 44 74 16 16 34 -3 50 33 31 41 45 14 15 50 -23 4 7 -2 -26 2 -33 49 49 31 4 4 22 32 41 49 -2 
11 11 37 -28 -26 35 34 -1 -1 1 1 33 33 50 32 10 9 33 33 -30 -41 -13 -15 25 35 12 12 28 10 -7 -6 -4 2 0 -9 -12 -2 -4 -29 -43 -7 -7 12 12 12 -4 -29 -6 -6 -42 -15 -33 -32 -15 3 2 15 17 60 52 19 26 38 10 10 6 -29 27 3 -2 8 11 -10 -9 26 -5 -2 0 0 -6 -15 -4 23 26 -5 -14 -14 -5 28 37 23 -31 -6 
75 75 30 48 47 -4 -5 64 64 53 53 6 6 5 -14 30 30 -9 6 47 36 36 35 30 -4 49 49 -22 47 12 12 15 63 62 54 53 61 59 48 34 57 57 50 61 61 59 48 58 58 35 35 35 36 35 8 12 38 39 37 29 24 30 29 61 61 25 48 23 23 19 23 19 53 54 19 60 54 54 65 58 35 60 19 20 0 37 37 14 36 25 19 48 58 34 
65 65 19 38 39 -16 -17 53 53 41 41 -5 -5 -7 -27 19 19 -19 -5 39 27 27 24 19 -14 38 38 -29 40 1 1 4 44 41 44 41 52 50 38 25 48 48 39 52 52 50 38 47 47 24 24 24 27 24 -18 1 25 27 30 20 17 21 20 39 39 15 38 11 11 7 11 9 43 44 7 49 42 44 54 47 24 49 7 8 -10 26 26 3 25 13 7 38 47 25 -37 
20 20 19 -9 -8 35 34 18 18 -2 -2 33 33 50 32 27 28 24 24 -11 -13 -22 -33 26 35 3 3 28 1 -16 -15 -13 19 16 19 16 17 15 -11 -16 2 2 3 -6 -6 15 -11 3 3 -15 -33 -6 -4 -24 3 2 28 35 60 52 19 26 38 -8 -8 6 -11 18 3 -2 12 12 9 10 17 14 26 28 19 12 -33 5 14 17 -5 -32 -32 -14 40 38 14 -12 3 -17 34 25 
20 20 19 -9 -8 35 34 18 18 -2 -2 33 33 50 32 27 28 24 24 -11 -13 -22 -33 26 35 3 3 28 1 -16 -15 -13 19 16 19 16 17 15 -11 -16 2 2 3 -6 -6 15 -11 3 3 -15 -33 -6 -4 -24 3 2 28 35 60 52 19 26 38 -8 -8 6 -11 18 3 -2 12 12 9 10 17 14 26 28 19 12 -33 5 14 17 -5 -32 -32 -14 40 38 14 -12 3 -17 34 25 -35 
-3 -3 39 -2 -2 57 54 -14 -2 13 13 55 55 71 67 22 23 46 46 -1 -4 3 11 32 57 -2 -2 66 -2 20 20 22 -1 -5 -2 -5 -31 -33 -3 -7 -25 -25 -1 12 12 -33 -3 -26 -26 -8 11 -12 -6 -2 38 38 24 25 83 74 29 33 60 11 11 30 -3 39 33 31 30 31 3 4 39 -34 -7 -4 -2 -39 11 -24 36 36 31 13 13 22 32 30 36 -2 -26 -6 58 47 12 12 
38 38 48 26 28 14 12 37 26 54 54 23 23 23 33 21 20 20 37 24 24 52 52 20 25 39 39 28 37 52 53 56 29 27 29 26 63 61 25 25 61 61 39 39 39 61 25 61 61 25 52 25 24 52 61 25 -13 -8 -5 -10 15 20 1 37 37 38 25 52 25 20 25 22 55 56 48 60 27 29 27 61 52 61 45 46 50 51 51 54 26 26 45 23 61 23 28 21 51 51 61 
39 39 21 38 39 -2 -4 38 27 39 39 7 7 18 37 5 4 6 21 38 38 44 53 -7 9 26 26 33 11 30 30 33 29 28 29 27 63 61 39 39 62 62 25 25 25 61 39 62 62 39 53 48 47 40 39 11 -3 2 37 31 -12 -7 42 11 11 15 39 25 36 32 34 30 39 40 21 61 37 38 28 62 53 62 18 19 24 55 55 32 -1 8 18 38 62 38 24 16 52 52 62 0 
39 39 21 27 27 30 27 27 27 55 55 38 38 38 33 30 29 38 42 23 12 16 26 -7 30 26 26 29 11 3 3 6 29 28 28 27 41 39 26 12 48 48 25 25 25 39 26 49 49 13 26 13 12 13 12 -25 -12 -7 60 53 -12 -7 34 11 11 -12 26 25 33 30 25 21 44 45 21 40 28 28 28 36 26 51 18 19 5 28 28 5 -1 -1 18 24 49 10 19 12 25 25 35 23 5 
29 29 10 18 18 19 22 16 20 43 43 33 33 31 24 21 21 30 34 16 2 9 17 -17 25 17 17 20 16 -6 -6 -3 20 19 19 16 32 30 15 4 31 31 18 18 18 28 15 30 30 3 17 3 2 5 3 -33 -18 -17 52 43 -18 -11 25 16 16 -20 15 12 23 18 12 16 32 33 10 27 15 19 21 27 17 28 7 10 -4 19 19 -4 -11 -11 7 15 30 4 12 3 16 16 28 19 1 -35 
-11 -11 39 -3 -1 66 68 -3 -3 3 3 68 68 86 79 34 34 59 59 -2 7 15 16 43 66 14 14 79 15 34 34 34 -3 -7 9 6 -21 -22 -2 7 -20 -20 14 5 5 -25 -2 -20 -20 7 16 4 5 13 52 41 25 24 87 78 33 29 78 6 6 32 -2 48 29 30 38 43 11 12 48 -26 1 6 -3 -23 16 -20 48 50 43 16 16 34 43 38 48 -3 -20 6 71 61 16 16 -22 60 61 51 38 
-11 -11 39 -3 -1 66 68 -17 -3 2 2 68 68 86 67 22 23 59 59 -2 -7 12 4 29 66 14 14 68 15 22 22 22 9 7 -5 -8 -23 -25 -2 -4 -31 -31 14 16 16 -25 -2 -32 -32 -5 4 4 2 13 40 40 25 24 97 88 44 43 77 17 17 43 -2 48 31 29 38 42 11 14 48 -26 1 4 -3 -23 4 -34 48 51 29 2 2 20 29 38 48 -3 -32 -5 60 49 5 5 -23 60 61 51 29 -21 
-11 -11 39 -3 -1 66 68 -17 -3 2 2 68 68 86 68 23 24 59 59 -2 -7 12 4 29 66 14 14 68 15 22 22 23 9 7 -5 -8 -23 -25 -2 -4 -31 -31 14 16 16 -25 -2 -32 -32 -5 4 4 2 13 40 40 25 24 97 88 44 43 77 17 17 43 -2 48 31 29 38 42 11 14 48 -26 1 4 -3 -23 4 -34 48 51 29 2 2 20 29 38 48 -3 -32 -5 60 49 5 5 -23 60 61 51 29 -21 -35 
-11 -11 39 -3 -1 66 68 -17 -3 2 2 68 68 86 67 22 23 59 59 -2 -7 12 4 29 66 14 14 68 15 22 22 22 9 7 -5 -8 -23 -25 -2 -4 -31 -31 14 16 16 -25 -2 -32 -32 -5 4 4 2 13 40 40 25 24 97 88 44 43 77 17 17 43 -2 48 31 29 38 42 11 14 48 -26 1 4 -3 -23 4 -34 48 51 29 2 2 20 29 38 48 -3 -32 -5 60 49 5 5 -23 60 61 51 29 -21 -35 -35 
-11 -11 39 -3 -1 66 68 -17 -3 2 2 68 68 86 67 22 23 59 59 -2 -7 12 4 29 66 14 14 68 15 22 22 22 9 7 -5 -8 -23 -25 -2 -4 -31 -31 14 16 16 -25 -2 -32 -32 -5 4 4 2 13 40 40 25 24 97 88 44 43 77 17 17 43 -2 48 31 29 38 42 11 14 48 -26 1 4 -3 -23 4 -34 48 51 29 2 2 20 29 38 48 -3 -32 -5 60 49 5 5 -23 60 61 51 29 -21 -35 -35 -35 
39 39 -23 27 25 -5 2 25 25 11 11 2 2 8 17 -7 -7 -7 -7 28 23 3 15 -14 -13 3 3 20 6 -4 -5 -4 24 22 22 20 38 37 27 25 51 51 5 16 16 34 27 50 50 24 15 21 21 3 1 14 15 9 59 48 -5 -8 50 17 17 17 27 -33 -10 -12 -15 -13 -2 1 -33 34 16 19 26 38 15 48 -34 -29 -8 14 14 -6 -14 -19 -34 28 50 26 22 10 17 17 39 51 24 24 13 48 48 48 48 48 
-26 -26 25 -9 -12 43 46 -25 -39 -12 -12 46 46 64 72 -3 -2 37 38 -8 1 16 17 7 46 -10 -10 72 -9 27 26 27 -27 -28 -27 -30 1 -1 -11 -2 -3 -3 -9 -9 -9 -1 -11 -3 -3 -2 17 7 10 17 44 18 -10 -12 63 51 9 10 54 -9 -9 9 -11 26 8 6 17 23 -10 -9 25 -2 -20 -18 -38 -3 17 -3 25 30 34 15 15 25 10 19 25 -9 -3 0 64 53 18 18 -3 27 28 28 19 -2 -2 -2 -2 -2 25 
-17 -17 23 0 -3 32 33 -27 -30 -14 -14 35 35 51 60 6 7 35 36 -2 -10 14 13 -4 35 -14 -14 58 -14 34 34 35 -27 -28 -38 -41 -1 -3 -2 -16 -8 -8 -11 0 0 -3 -2 -7 -7 -15 13 -6 -4 13 31 18 -10 -12 63 51 9 10 51 0 0 9 -2 24 -3 -5 6 12 -12 -11 23 -4 -31 -29 -29 -7 13 -5 23 28 20 16 16 34 -1 8 23 -2 -7 -14 50 40 13 13 -7 27 28 25 18 7 -4 -4 -4 -4 23 -31 
75 75 13 42 41 -5 0 61 61 47 47 0 0 -2 -30 29 29 0 0 44 30 30 30 13 -15 39 39 -27 42 8 7 8 51 49 49 47 62 64 42 31 66 66 41 52 52 64 42 65 65 30 30 30 30 30 4 8 33 27 39 30 22 19 30 53 53 20 42 3 17 15 3 5 34 37 3 63 34 37 62 65 30 63 2 7 -5 29 29 6 13 -1 2 43 65 32 -15 -28 32 32 65 31 33 30 21 77 63 63 63 63 -4 61 50 
65 65 21 32 31 0 3 55 54 41 41 -9 -9 1 -19 37 37 2 -9 34 34 33 32 21 -19 33 33 -17 36 10 9 10 45 43 43 41 65 64 32 32 64 64 35 46 46 61 32 64 64 32 32 32 33 32 6 10 32 26 39 30 21 18 30 43 43 10 32 11 23 23 11 4 28 31 11 61 26 31 53 64 32 64 10 13 -1 33 33 10 15 1 10 33 64 33 -14 -26 33 33 64 42 31 31 20 64 64 64 64 64 4 51 44 -34 
65 65 19 26 27 -4 -5 54 53 42 42 -17 -17 -9 -29 31 31 -6 -17 26 26 26 24 19 -13 24 24 -29 27 2 1 2 44 42 44 42 64 62 24 24 61 61 26 39 39 62 24 61 61 24 24 24 26 24 -4 2 25 27 33 22 12 22 20 40 40 2 24 11 23 19 11 10 31 32 7 61 31 32 54 61 24 61 6 9 -11 25 25 2 25 13 6 25 61 25 -24 -36 25 25 61 34 29 25 16 61 61 61 61 61 10 53 41 -28 -38 
27 27 3 15 13 0 5 13 13 -1 -1 5 5 21 30 5 5 5 16 17 3 3 3 3 -2 27 27 34 29 17 16 17 12 15 -2 -1 35 37 15 4 39 39 29 29 29 34 15 38 38 3 3 12 12 3 13 26 27 21 36 26 7 3 26 29 29 20 15 -9 -35 -36 -26 -29 -1 -2 -7 34 9 7 14 35 3 36 -11 -12 4 2 2 15 3 -2 -11 16 38 5 25 13 5 5 36 27 38 38 25 34 36 36 36 36 -8 13 2 18 15 25 
54 54 30 42 40 -5 1 40 40 26 26 -11 -11 -2 9 32 32 11 0 44 30 30 30 30 -10 42 42 11 45 8 7 8 39 42 25 26 62 64 42 31 66 66 44 55 55 61 42 65 65 30 30 30 30 30 4 8 42 37 1 -8 31 27 19 56 56 20 42 18 -8 -9 -8 -11 26 25 20 61 27 25 41 62 30 63 16 15 -5 29 29 6 24 10 16 43 65 32 22 11 32 32 63 31 33 30 21 61 63 63 63 63 13 40 29 -10 -13 -1 -18 
47 47 29 34 35 -7 -13 36 36 25 24 -27 -27 -10 0 29 29 6 -13 35 24 24 21 29 -1 38 38 4 41 0 -1 -4 39 36 27 25 61 60 33 22 59 59 39 50 50 60 33 58 58 21 21 21 24 21 -4 0 36 38 -10 -23 23 28 9 50 50 12 33 21 -5 -10 -5 -8 27 27 15 58 25 27 37 57 21 58 18 19 -10 23 22 1 35 23 18 34 58 23 15 4 23 23 56 23 25 24 15 60 58 59 58 58 20 36 25 0 0 -8 -4 -38 
75 75 27 63 61 -5 1 61 61 47 47 0 0 10 18 32 32 11 0 64 50 39 51 27 -4 39 39 31 42 32 31 32 51 49 49 47 74 73 63 52 87 87 41 52 52 70 63 86 86 51 51 39 39 39 28 32 44 41 5 -7 33 30 28 53 53 44 63 17 31 29 17 16 34 37 17 70 34 37 62 74 51 84 16 19 19 50 50 30 27 13 16 64 86 53 22 11 53 53 75 40 33 53 43 84 84 84 84 84 10 61 50 -4 -7 -1 24 -4 9 
75 75 27 61 63 -8 -5 63 61 53 52 -13 -13 3 13 24 24 1 -13 62 51 41 49 27 -1 38 38 13 41 28 27 24 52 51 52 53 75 74 61 50 85 85 39 51 51 75 61 84 84 49 49 38 41 38 24 28 41 38 -2 -18 29 33 20 52 52 40 61 21 31 24 21 22 41 40 16 74 41 40 62 72 49 86 19 22 18 51 50 29 32 23 19 62 84 51 14 3 51 51 73 32 27 50 39 84 86 86 86 86 20 61 54 9 0 -8 32 6 -4 -37 
72 72 45 61 58 13 18 58 58 44 44 19 19 28 0 47 47 18 30 62 59 59 60 45 17 69 69 2 71 37 37 38 57 60 43 44 80 82 60 60 84 84 71 74 74 79 60 83 83 60 60 48 51 60 34 37 60 57 5 -7 49 47 39 74 74 49 60 35 24 21 24 21 44 43 35 79 45 43 59 80 60 81 31 36 24 58 58 35 42 31 31 62 83 61 3 -10 61 61 81 40 51 48 39 79 81 81 81 81 28 58 47 -23 -2 2 14 -23 -8 -18 -7 
60 60 12 48 46 -23 -17 46 46 32 32 -29 -29 -11 9 14 14 -7 -18 49 35 24 36 12 -28 24 24 11 27 17 16 17 36 34 33 32 56 55 48 37 69 69 26 37 37 52 48 68 68 36 36 33 33 24 13 26 38 35 28 19 18 9 19 38 38 29 48 0 0 0 9 4 19 22 2 52 26 31 45 56 36 66 -2 -3 4 35 35 15 6 1 -2 49 68 38 13 2 38 38 57 31 15 47 34 66 66 66 66 66 -5 46 35 -7 -22 -10 -8 -27 -11 -13 -3 5 
60 60 9 49 46 -23 -21 46 46 32 32 -32 -32 -14 7 14 14 -9 -19 49 35 24 36 9 -31 24 24 8 27 14 13 15 37 35 34 32 57 55 48 37 69 69 26 37 37 52 48 68 68 36 36 33 33 24 10 23 33 32 23 15 13 6 14 38 38 26 48 -1 -1 0 8 1 19 23 1 52 26 32 45 56 36 66 -3 -8 1 35 35 12 9 4 -3 49 68 38 10 -1 38 38 57 26 10 42 33 66 66 66 66 66 -2 46 35 -4 -19 -13 -3 -22 -14 -8 -3 10 -40 
56 56 26 35 36 -9 -6 46 45 45 45 -6 -6 13 -7 28 28 -7 -6 36 35 35 35 26 -14 36 36 -6 34 12 12 13 46 46 46 45 56 55 35 35 55 55 38 49 49 52 35 55 55 35 35 44 44 35 9 21 32 26 39 30 23 21 30 34 34 12 35 16 16 14 25 18 33 36 16 52 40 45 44 55 35 55 12 15 1 35 35 12 20 15 12 35 55 35 -14 -26 35 35 55 42 26 31 20 55 55 55 55 55 9 42 42 -20 -36 -26 12 1 12 1 11 -2 -17 -14 
64 64 48 27 27 25 24 54 54 54 54 13 13 21 -8 59 59 23 13 25 25 41 39 48 17 54 54 -14 51 15 16 19 57 53 57 54 64 62 24 24 60 60 55 66 66 62 24 60 60 24 39 24 25 39 12 15 22 29 10 5 36 46 29 65 65 28 24 41 25 20 25 25 56 57 37 61 55 57 55 60 39 60 34 37 3 40 40 17 54 43 34 24 60 24 1 -7 37 37 60 4 46 38 29 61 61 61 61 61 40 53 51 -7 -8 -20 27 -7 -15 40 22 13 20 17 3 
41 41 8 5 4 12 17 28 28 17 17 17 17 33 28 8 8 8 19 7 16 -4 5 12 12 17 17 28 19 -17 -18 -17 38 36 24 23 26 27 5 14 37 37 19 30 30 24 5 37 37 14 5 11 14 -7 0 1 29 26 46 37 9 3 65 30 30 -8 5 -4 5 3 14 12 16 15 -4 23 31 33 27 25 5 37 -6 -7 -8 6 6 -17 6 12 -6 6 37 15 31 21 6 6 26 65 38 11 -3 23 37 37 37 37 -3 27 25 17 1 9 -3 17 19 38 44 42 6 11 6 37 
38 38 3 0 -1 7 13 26 26 12 12 12 12 30 23 3 3 3 14 2 11 -9 0 7 13 15 15 23 17 -22 -23 -22 35 33 21 21 26 24 0 9 34 34 17 28 28 21 0 34 34 9 0 6 9 -12 -5 -4 24 21 41 32 4 4 60 28 28 -13 0 -9 0 -2 9 13 11 12 -9 20 29 30 25 22 0 34 -11 -8 -13 1 1 -22 11 13 -11 1 34 10 26 16 1 1 23 60 33 6 -8 20 34 34 34 34 -8 25 23 18 6 4 2 18 14 42 39 46 11 10 11 32 -35 
42 42 -20 30 28 -2 5 28 28 14 14 5 5 9 20 -4 -4 -4 -4 31 26 6 18 -11 -16 6 6 23 9 -1 -2 -1 27 25 25 23 38 37 30 28 51 51 8 19 19 34 30 50 50 27 18 24 24 6 4 17 18 12 63 51 -2 -11 54 20 20 20 30 -30 -7 -9 -12 -16 1 4 -30 34 17 22 27 38 18 48 -31 -26 -5 17 17 -3 -17 -22 -31 31 50 29 25 13 20 20 39 54 27 27 16 48 48 48 48 48 -37 28 26 -1 1 13 -11 10 23 13 23 31 -8 -5 6 43 -6 -5 
33 33 -15 30 28 12 16 28 28 5 5 5 5 21 32 10 10 7 -4 31 26 6 9 3 -5 6 6 34 9 -1 -2 -1 27 25 25 23 38 37 30 28 42 42 8 10 10 34 30 41 41 27 9 24 24 6 4 17 29 26 74 53 9 0 65 11 11 20 30 -16 7 5 2 -5 1 4 -16 34 17 22 27 38 9 39 -17 -14 -5 8 8 -3 -3 -8 -17 31 41 29 36 25 11 11 39 65 38 38 30 39 39 39 39 39 -23 28 26 10 1 13 3 10 23 13 23 42 -8 -5 6 43 8 9 -26 
33 33 -15 30 28 12 16 28 28 5 5 5 5 21 32 10 10 7 -4 31 26 6 9 3 -5 6 6 34 9 -1 -2 -1 27 25 25 23 38 37 30 28 42 42 8 10 10 34 30 41 41 27 9 24 24 6 4 17 29 26 74 53 9 0 65 11 11 20 30 -16 7 5 2 -5 1 4 -16 34 17 22 27 38 9 39 -17 -14 -5 8 8 -3 -3 -8 -17 31 41 29 36 25 11 11 39 65 38 38 30 39 39 39 39 39 -23 28 26 10 1 13 3 10 23 13 23 42 -8 -5 6 43 8 9 -26 -35 
66 66 7 54 54 -25 -25 54 54 42 42 -25 -25 -30 -10 19 19 -16 -14 53 41 28 38 7 -23 24 24 -11 27 16 15 18 44 42 44 42 66 64 52 39 76 76 26 39 39 65 52 75 75 38 38 24 28 24 10 16 17 19 21 12 4 9 12 40 40 30 52 -1 11 7 -1 -3 31 32 -5 65 31 32 55 61 38 77 -6 -5 5 41 41 18 10 -2 -6 53 75 40 -7 -19 40 40 62 13 8 26 19 77 77 77 77 77 -5 54 41 -16 -7 -19 13 -10 -16 -4 -5 14 -19 -22 5 11 25 20 -2 10 10 
-12 -12 39 -2 -2 66 69 -2 -2 2 2 69 69 86 79 34 35 60 60 -1 8 15 16 44 66 13 13 79 14 34 34 34 -1 -8 10 7 -19 -21 -3 6 -21 -21 15 6 6 -24 -3 -21 -21 6 16 3 6 13 52 42 24 25 86 77 32 30 77 5 5 33 -3 48 30 29 39 43 12 13 48 -25 2 8 -2 -24 16 -21 48 50 43 16 16 34 44 39 48 -2 -21 7 71 61 16 16 -23 61 62 51 38 -34 -20 -20 -20 -20 48 -3 6 77 64 61 33 60 59 84 84 78 66 66 55 60 23 20 48 39 39 77 
-12 -12 39 -2 -2 66 68 -2 -2 2 2 68 68 86 79 34 35 59 59 -1 8 15 16 44 66 13 13 79 14 34 34 34 -2 -8 10 7 -20 -21 -3 6 -21 -21 15 6 6 -24 -3 -21 -21 6 16 3 6 13 52 42 24 25 86 77 32 30 77 5 5 33 -3 48 30 29 39 43 12 13 48 -25 2 7 -2 -24 16 -21 48 50 43 16 16 34 44 39 48 -2 -21 7 71 61 16 16 -23 61 62 51 38 -34 -20 -20 -20 -20 48 -3 6 77 64 61 33 60 59 84 84 78 66 66 55 60 23 20 48 39 39 77 -35 
57 57 -2 45 45 -22 -23 45 45 33 33 -23 -23 -18 -10 10 10 -25 -23 44 32 19 29 -2 -32 15 15 -11 18 7 6 9 35 33 35 33 58 55 43 30 67 67 17 30 30 56 43 66 66 29 29 24 28 15 1 16 17 19 32 23 -5 0 23 31 31 21 43 -10 2 -2 -1 -3 22 23 -14 56 31 32 46 52 29 68 -15 -14 -4 32 32 9 4 1 -15 44 66 31 -7 -19 31 31 53 24 10 26 19 68 68 68 68 68 -11 45 32 -16 -7 -19 4 2 -5 -4 -5 14 -16 -19 -4 11 16 11 -8 1 1 -36 68 68 
29 29 13 -10 -9 31 31 16 16 4 4 20 20 36 30 25 25 22 11 -10 -13 -33 -26 10 22 -11 -11 30 -8 -16 -17 -15 15 12 15 13 4 3 -12 -16 12 12 -8 3 3 0 -12 11 11 -17 -26 -20 -15 -38 1 2 30 31 61 51 11 16 38 3 3 7 -12 2 1 -4 -4 -4 -7 -6 1 -1 10 12 17 -1 -26 13 0 5 -5 -23 -23 -14 25 22 0 -11 11 -15 35 24 -24 -24 0 52 42 15 3 11 13 13 13 13 1 16 12 30 31 24 3 30 21 37 38 60 22 22 35 39 -9 -14 4 4 4 26 11 11 17 
69 69 7 58 55 -25 -23 55 55 41 41 -23 -23 -25 -4 23 23 -14 -10 58 44 33 44 7 -36 30 30 -6 31 22 21 24 46 44 43 41 66 64 57 43 75 75 30 41 41 61 57 76 76 44 44 30 33 30 18 22 19 21 21 12 8 1 14 42 42 35 57 -3 8 9 -3 -13 28 32 -1 61 26 32 54 62 44 75 -8 -13 10 44 44 21 7 -7 -8 58 76 44 -4 -14 44 44 63 12 5 28 19 75 75 75 75 75 -4 55 44 -15 -19 -13 6 -22 -14 -8 -3 10 -31 -36 -5 17 20 19 -7 4 4 -35 75 75 -23 31 
11 11 5 -3 -3 6 9 -3 11 -3 -3 9 9 29 36 2 2 2 0 1 -4 -13 -13 8 12 15 15 39 17 1 0 2 23 20 9 6 23 21 -1 -3 23 23 16 27 27 21 -1 22 22 -4 -13 5 5 -13 10 19 20 17 40 30 11 14 19 27 27 14 -1 -5 -23 -31 -14 -14 -1 0 -9 20 16 18 12 22 -13 20 -9 -6 3 -14 -14 -1 14 14 -9 0 22 -2 30 19 -11 -11 22 31 41 30 18 34 20 20 20 20 -7 11 9 29 23 19 -22 5 1 29 27 35 14 12 14 20 8 3 -4 -4 -4 19 34 34 10 -13 21 
11 11 4 -2 -1 11 11 0 11 0 -1 6 6 27 34 -2 -1 -3 -3 -1 -3 -12 -15 10 14 13 13 37 15 -1 -2 -3 23 20 11 9 25 24 -3 -5 23 23 15 25 25 24 -3 22 22 -6 -15 3 6 -15 8 17 18 19 38 28 9 14 17 25 25 14 -3 -3 -21 -26 -12 -12 2 2 -10 22 18 20 12 22 -15 22 -7 -4 1 -13 -14 0 16 16 -7 -2 22 -4 28 17 -13 -13 22 29 39 28 19 34 22 23 22 22 -5 11 9 31 25 17 -20 7 -4 31 24 37 16 14 16 18 10 5 -2 -2 -2 17 34 34 8 -15 23 -35 
39 39 6 -1 0 9 6 27 27 27 27 6 6 28 5 3 3 2 -3 -1 8 -1 -3 15 15 13 13 10 15 -24 -25 -26 24 24 37 36 37 35 -3 6 34 34 15 27 27 35 -3 34 34 6 -3 15 17 -3 -19 -6 19 19 27 14 10 15 46 15 15 -15 -3 -4 5 0 14 15 16 16 -9 34 35 33 26 34 -3 34 -6 -3 -26 -2 -2 -24 20 17 -6 -2 34 7 15 4 -2 -2 34 55 40 17 8 34 34 34 34 34 -4 27 35 8 -2 -10 8 8 -4 32 24 38 17 15 1 19 -17 -22 -1 -1 -1 18 34 34 9 -3 24 -9 -7 
37 37 32 0 0 30 29 27 27 27 27 28 28 36 19 29 30 28 28 -2 -2 14 12 30 33 39 39 14 37 1 2 3 30 26 30 27 37 35 -3 -3 33 33 39 39 39 35 -3 33 33 -3 12 -3 -2 12 -2 -3 -5 2 33 28 23 30 24 37 37 1 -3 25 -2 -7 -2 -2 29 30 21 34 28 30 28 33 12 33 21 24 -13 13 13 1 36 36 21 -3 33 -3 20 11 10 10 33 32 56 25 10 34 34 34 34 34 24 26 24 18 8 -2 0 18 9 42 37 47 36 33 19 -5 10 5 45 45 45 26 33 33 26 12 33 -7 -9 -8 
37 37 31 -1 -1 28 27 26 26 26 26 26 26 34 17 27 28 26 26 -1 -1 14 10 31 31 38 38 16 40 2 1 2 29 25 29 26 37 35 -4 -4 33 33 40 48 48 35 -4 33 33 -4 10 -4 -1 10 -4 -3 6 9 33 26 25 31 24 52 52 2 -4 23 -4 -9 -4 -4 28 29 19 34 27 29 27 33 10 33 19 22 -11 13 13 2 37 25 19 -2 33 -2 21 10 12 12 33 38 61 25 11 34 34 34 34 34 22 25 25 16 6 -4 -2 16 7 40 35 46 34 31 18 -3 9 4 25 25 25 24 33 33 24 10 31 -9 -11 -10 -30 
38 38 5 0 1 12 11 28 27 27 27 10 10 27 10 5 5 1 1 -2 7 -2 -2 14 15 12 12 5 10 -26 -25 -24 28 25 39 36 37 35 -2 7 34 34 14 25 25 35 -2 34 34 7 -2 16 16 -2 -20 -8 14 20 24 19 5 15 43 10 10 -17 -2 -2 7 3 16 15 18 19 -6 34 36 37 28 34 -2 34 -6 -3 -31 -3 -3 -26 20 18 -6 -3 34 6 11 2 -3 -3 34 50 24 16 7 34 34 34 34 34 -3 27 34 9 -1 -11 9 9 1 33 28 38 18 15 1 14 -17 -22 0 0 0 17 34 34 8 -2 24 -6 -8 -35 -13 -11 
32 32 26 -3 -5 23 26 22 19 22 22 25 25 33 16 23 24 25 25 -1 -1 12 12 22 18 35 35 17 37 1 0 1 20 20 20 19 30 30 -4 -4 28 28 37 37 37 30 -4 28 28 -4 12 -4 -1 12 -3 -1 -1 -6 34 25 26 18 26 37 37 1 -4 14 -12 -13 -12 -18 22 21 16 29 20 20 20 28 12 28 12 9 -10 11 11 1 22 12 12 -2 28 -2 20 9 14 14 28 36 56 21 11 29 29 29 29 29 15 18 18 3 -13 -3 -22 -4 7 30 34 28 15 18 1 -1 -8 -3 12 12 12 25 28 28 25 12 18 -13 -11 -11 -28 -30 -10 
34 34 23 22 19 -11 -8 20 33 20 20 -8 -8 12 19 0 -1 -9 -8 22 8 8 10 23 -17 34 34 19 34 24 23 25 33 34 19 20 42 42 22 11 46 46 33 33 33 42 22 45 45 10 10 19 17 10 22 33 20 20 22 12 26 20 1 34 34 26 22 13 -14 -14 -5 -13 20 19 15 43 30 28 34 45 10 43 9 12 15 9 9 22 23 18 9 22 45 12 10 -1 12 12 45 13 23 53 43 56 43 43 43 43 12 34 23 10 -5 -1 -18 4 10 4 9 28 -14 -17 -14 28 23 24 9 9 9 2 57 57 -7 10 -8 -14 -12 15 7 5 15 -9 
-8 -8 30 -25 -25 57 57 2 2 -7 -7 57 57 76 56 11 12 48 48 -24 -15 3 -7 48 60 29 29 56 29 11 11 11 14 10 14 11 1 -1 -26 -17 -12 -12 30 21 21 -1 -26 -12 -12 -17 -7 -8 -6 2 29 29 28 29 74 65 47 51 65 20 20 20 -26 40 22 20 31 34 4 5 39 -2 21 23 3 -3 -7 -12 39 42 20 -7 -7 11 51 60 39 -25 -12 -16 48 38 -7 -7 -3 38 39 39 28 -11 -11 -11 -11 -11 39 1 10 54 44 38 27 54 47 75 75 72 60 60 35 37 17 12 42 33 33 66 -12 -12 57 2 69 11 11 11 10 10 11 8 34 
-8 -8 30 -25 -25 57 57 2 2 -7 -7 57 57 76 56 11 12 48 48 -24 -15 3 -7 48 60 29 29 56 29 11 11 11 14 10 14 11 1 -1 -26 -17 -12 -12 30 21 21 -1 -26 -12 -12 -17 -7 -8 -6 2 29 29 28 29 74 65 47 51 65 20 20 20 -26 40 22 20 31 34 4 5 39 -2 21 23 3 -3 -7 -12 39 42 20 -7 -7 11 51 60 39 -25 -12 -16 48 38 -7 -7 -3 38 39 39 28 -11 -11 -11 -11 -11 39 1 10 54 44 38 27 54 47 75 75 72 60 60 35 37 17 12 42 33 33 66 -12 -12 57 2 69 11 11 11 10 10 11 8 34 -35 
28 28 49 18 18 15 14 29 29 45 45 14 14 24 23 22 23 13 14 16 16 33 29 49 18 56 56 20 56 19 20 21 32 28 32 29 55 53 15 15 51 51 57 57 57 53 15 51 51 15 29 15 16 29 15 19 28 30 9 4 47 53 0 56 56 19 15 42 15 10 15 15 47 48 38 52 30 32 30 51 29 51 38 41 6 32 32 19 56 56 38 15 51 15 20 15 29 29 51 15 47 38 29 52 52 52 52 52 41 28 28 21 21 15 17 -6 -14 30 22 23 21 18 21 1 28 23 56 56 56 14 51 51 14 29 18 10 8 9 -13 -13 6 -11 -8 28 28 
-8 -8 30 -25 -25 57 57 2 2 -7 -7 57 57 76 56 11 12 48 48 -24 -15 3 -7 48 60 29 29 56 29 11 11 11 14 10 14 11 1 -1 -26 -17 -12 -12 30 21 21 -1 -26 -12 -12 -17 -7 -8 -6 2 29 29 28 29 74 65 47 51 65 20 20 20 -26 40 22 20 31 34 4 5 39 -2 21 23 3 -3 -7 -12 39 42 20 -7 -7 11 51 60 39 -25 -12 -16 48 38 -7 -7 -3 38 39 39 28 -11 -11 -11 -11 -11 39 1 10 54 44 38 27 54 47 75 75 72 60 60 35 37 17 12 42 33 33 66 -12 -12 57 2 69 11 11 11 10 10 11 8 34 -35 -35 28 
55 55 75 44 44 42 39 56 56 71 71 39 39 51 26 48 49 42 39 44 44 62 58 72 43 83 83 25 83 48 47 46 59 55 59 56 82 80 41 41 78 78 84 84 84 80 41 78 78 41 58 41 44 58 44 45 47 46 31 20 73 72 22 83 83 48 41 65 38 37 38 40 73 74 65 79 57 59 57 78 58 78 63 66 37 61 61 48 76 69 63 43 78 43 25 14 60 60 78 36 75 67 55 79 79 79 79 79 66 55 55 21 20 14 42 19 11 55 48 30 46 43 20 -3 55 50 69 69 69 43 78 78 43 58 43 37 37 34 18 16 37 14 17 55 55 -6 55 
75 75 25 36 34 7 4 61 61 48 48 -7 -7 4 -14 41 41 7 -7 37 37 37 35 25 -6 39 39 -16 40 13 12 13 51 54 48 48 73 71 35 35 70 70 39 50 50 71 35 70 70 35 35 35 37 35 8 13 36 36 40 31 25 31 31 51 51 13 35 16 30 27 16 17 36 37 16 70 38 37 60 70 35 70 17 20 -1 36 36 13 31 20 17 36 70 36 -13 -23 36 36 70 46 32 34 25 70 70 70 70 70 17 61 51 -21 -31 -35 33 6 2 20 2 11 -3 -6 -17 -7 16 11 20 20 20 -4 70 70 -4 35 -6 27 28 2 8 8 -1 5 8 47 47 22 47 21 
56 56 50 45 45 16 15 45 56 45 45 15 15 25 -3 22 23 14 15 43 32 32 30 50 19 56 56 -8 55 34 34 35 59 56 48 45 71 69 43 29 65 65 57 57 57 69 43 66 66 30 30 30 32 30 30 14 33 33 23 15 41 50 1 55 55 27 43 43 16 11 16 16 47 48 39 68 46 48 57 66 30 68 39 42 20 31 31 34 56 45 39 42 66 28 -9 -15 28 28 66 14 47 37 35 79 68 68 68 68 42 56 42 -4 -5 -15 18 22 15 31 23 14 22 19 -5 1 40 35 45 45 45 15 79 79 15 30 19 11 9 24 14 16 20 18 -7 56 56 -8 56 -3 -4 
29 29 50 17 19 59 57 28 28 46 46 57 57 67 41 23 22 57 57 15 15 43 43 50 62 57 57 37 57 33 33 34 31 29 31 28 54 52 16 16 51 51 69 69 69 52 16 51 51 16 43 16 15 43 29 28 27 30 55 47 55 52 47 57 57 28 16 54 27 22 27 27 46 47 50 51 29 31 29 51 43 51 50 53 19 42 42 33 64 65 50 14 51 14 38 29 42 42 51 18 51 43 29 51 51 51 51 51 53 29 29 38 37 29 29 38 29 71 66 56 65 62 37 18 39 34 74 74 74 57 51 51 57 43 62 22 20 23 0 1 19 1 35 28 28 10 28 12 37 11 
77 77 54 54 54 36 39 78 64 74 74 27 27 49 9 70 70 38 27 55 55 66 69 54 23 66 66 11 69 47 46 47 65 65 65 64 75 75 53 53 73 73 68 79 79 75 53 73 73 53 69 53 55 66 43 47 41 36 25 16 60 57 48 79 79 47 53 44 47 46 44 41 61 64 44 74 61 64 65 73 69 73 43 46 36 70 70 47 54 40 43 54 73 54 22 10 70 70 73 49 71 67 56 74 74 74 74 74 37 63 63 -14 -7 -1 37 0 12 -9 4 -23 20 23 0 -20 44 45 40 40 40 23 73 73 23 64 23 46 46 35 28 27 36 9 31 53 53 21 53 2 6 22 37 
-12 -12 42 -2 -2 69 67 -13 -2 5 5 67 67 85 68 23 24 57 58 -1 -3 15 3 33 66 12 12 65 11 21 21 23 10 6 -1 -4 -19 -21 -3 -8 -35 -35 15 17 17 -21 -3 -34 -34 -7 3 2 6 12 39 39 24 25 97 88 43 44 74 16 16 34 -3 51 34 32 42 46 15 16 51 -22 5 8 -2 -25 3 -32 48 48 32 5 5 23 33 42 48 -2 -34 -7 57 48 2 2 -25 61 62 48 31 -20 -31 -31 -31 -31 51 -3 -8 66 64 61 39 66 59 87 85 84 69 69 55 60 37 34 51 42 42 76 -21 -21 67 12 75 23 23 34 33 33 34 28 46 -12 -12 51 -12 78 70 65 51 73 
-3 -3 39 -2 -2 57 56 -13 -2 13 13 55 55 71 68 23 24 46 46 -1 -3 2 12 33 57 -2 -2 65 -2 21 21 23 -2 -6 -1 -4 -31 -34 -3 -8 -26 -26 2 13 13 -33 -3 -25 -25 -7 12 -12 -7 -2 39 39 24 25 84 75 30 32 62 12 12 31 -3 39 32 31 30 33 3 4 39 -34 -7 -4 -2 -39 12 -23 36 34 32 14 14 23 33 30 36 -2 -25 -7 57 48 11 11 -38 61 62 35 26 -23 -22 -22 -22 -22 39 -3 -8 66 64 61 35 62 57 75 73 80 57 57 55 60 25 22 39 39 39 62 -24 -24 53 0 61 23 23 34 33 33 34 28 46 -3 -3 51 -3 78 70 65 51 73 -26 
76 76 17 62 64 -18 -18 64 64 52 52 -20 -20 -21 -1 29 29 -9 -9 63 51 39 48 17 -17 36 36 -2 39 28 27 26 51 51 52 52 74 73 62 49 85 85 38 51 51 74 62 84 84 48 48 36 39 36 22 28 29 29 28 19 16 18 19 52 52 40 62 9 21 17 9 6 41 39 4 74 39 39 63 70 48 86 6 6 16 51 51 29 21 9 5 63 84 50 0 -12 50 50 71 20 15 38 28 86 86 86 86 86 8 64 51 -3 -2 -10 21 -5 -11 7 0 25 -14 -16 10 20 33 29 9 21 21 -34 86 86 -21 36 -29 29 25 28 36 34 27 33 7 76 76 21 76 50 4 22 67 36 85 71 