83 
74 -42 
38 6 -3 
-17 62 50 25 
-13 64 53 38 -25 
-16 61 50 35 -28 -42 
1 71 61 25 -2 -8 -5 
-1 69 59 23 -3 -6 -7 -37 
1 43 33 -2 -2 2 -1 1 -1 
1 43 33 -2 -2 2 -1 1 -1 -40 
10 29 20 -6 -2 -9 -12 -1 -3 -31 -31 
10 29 20 -6 -2 -9 -12 -1 -3 -31 -31 -45 
3 46 35 11 -11 -10 -12 5 3 16 16 12 12 
3 46 35 11 -11 -10 -12 5 3 16 16 12 12 -40 
3 46 35 11 -11 -10 -12 5 3 16 16 12 12 -40 -40 
-6 57 48 11 -11 1 -1 16 14 16 16 13 13 -26 -26 -26 
-6 57 48 11 -11 1 -1 16 14 16 16 13 13 -26 -26 -26 -35 
-1 69 59 23 -3 -6 -7 -37 -40 -1 -1 -3 -3 3 3 3 14 14 
1 71 61 25 -2 -8 -5 -40 -37 1 1 -1 -1 5 5 5 16 16 -37 
1 43 33 -2 -2 2 -1 1 -1 -40 -40 -31 -31 16 16 16 16 16 -1 1 
-12 66 56 20 6 -2 -5 -20 -22 -3 -3 -7 -7 13 13 13 17 17 -22 -20 -3 
-12 66 56 20 6 -2 -5 -20 -22 -3 -3 -7 -7 13 13 13 17 17 -22 -20 -3 -35 
19 30 19 2 -5 -1 -4 -5 -8 -22 -22 -35 -35 8 8 8 21 21 -8 -5 -22 1 1 
21 32 23 4 -6 -4 -5 -10 -13 -19 -19 -30 -30 7 7 7 21 21 -13 -10 -19 5 5 -44 
10 29 20 -6 -2 -9 -12 -1 -3 -31 -31 -45 -45 12 12 12 13 13 -3 -1 -31 -7 -7 -35 -30 
-12 66 56 20 6 -2 -5 -20 -22 -3 -3 -7 -7 13 13 13 17 17 -22 -20 -3 -35 -35 1 5 -7 
-12 66 56 20 6 -2 -5 -20 -22 -3 -3 -7 -7 13 13 13 17 17 -22 -20 -3 -35 -35 1 5 -7 -35 
74 37 30 37 52 66 63 89 87 61 61 61 61 48 48 48 48 48 87 89 61 97 97 61 61 61 97 97 
20 19 11 -17 9 22 20 34 32 7 7 7 7 6 6 6 6 6 32 34 7 34 34 16 16 7 34 34 37 
1 43 33 -2 -2 2 -1 1 -1 -40 -40 -31 -31 16 16 16 16 16 -1 1 -40 -3 -3 -22 -19 -31 -3 -3 61 7 
1 43 33 -2 -2 2 -1 1 -1 -40 -40 -31 -31 16 16 16 16 16 -1 1 -40 -3 -3 -22 -19 -31 -3 -3 61 7 -40 
1 43 33 -2 -2 2 -1 1 -1 -40 -40 -31 -31 16 16 16 16 16 -1 1 -40 -3 -3 -22 -19 -31 -3 -3 61 7 -40 -40 
1 43 33 -2 -2 2 -1 1 -1 -40 -40 -31 -31 16 16 16 16 16 -1 1 -40 -3 -3 -22 -19 -31 -3 -3 61 7 -40 -40 -40 
1 43 33 -2 -2 2 -1 1 -1 -40 -40 -31 -31 16 16 16 16 16 -1 1 -40 -3 -3 -22 -19 -31 -3 -3 61 7 -40 -40 -40 -40 
1 43 33 -2 -2 2 -1 1 -1 -40 -40 -31 -31 16 16 16 16 16 -1 1 -40 -3 -3 -22 -19 -31 -3 -3 61 7 -40 -40 -40 -40 -40 
1 43 33 -2 -2 2 -1 1 -1 -40 -40 -31 -31 16 16 16 16 16 -1 1 -40 -3 -3 -22 -19 -31 -3 -3 61 7 -40 -40 -40 -40 -40 -40 
-17 62 50 25 -45 -25 -28 -2 -3 -2 -2 -2 -2 -11 -11 -11 -11 -11 -3 -2 -2 6 6 -5 -6 -2 6 6 52 9 -2 -2 -2 -2 -2 -2 -2 
-16 61 50 35 -28 -42 -45 -5 -7 -1 -1 -12 -12 -12 -12 -12 -1 -1 -7 -5 -1 -5 -5 -4 -5 -12 -5 -5 63 20 -1 -1 -1 -1 -1 -1 -1 -28 
-1 69 59 23 -3 -6 -7 -37 -40 -1 -1 -3 -3 3 3 3 14 14 -40 -37 -1 -22 -22 -8 -13 -3 -22 -22 87 32 -1 -1 -1 -1 -1 -1 -1 -3 -7 
-4 53 41 36 -28 -36 -33 -13 -10 11 11 0 0 -12 -12 -12 -1 -1 -10 -13 11 7 7 -13 -17 0 7 7 55 20 11 11 11 11 11 11 11 -28 -33 -10 
-2 68 58 22 -7 -5 -8 -35 -36 -2 -2 -4 -4 3 3 3 14 14 -36 -35 -2 -23 -23 -8 -9 -4 -23 -23 87 32 -2 -2 -2 -2 -2 -2 -2 -7 -8 -36 -8 
39 14 3 -8 23 22 20 39 37 27 27 22 22 2 2 2 13 13 37 39 27 49 49 20 21 22 49 49 54 14 27 27 27 27 27 27 27 23 20 37 20 34 
39 14 3 -8 23 22 20 39 37 27 27 22 22 2 2 2 13 13 37 39 27 49 49 20 21 22 49 49 54 14 27 27 27 27 27 27 27 23 20 37 20 34 -40 
47 -6 -14 -29 25 25 22 32 30 7 7 -4 -4 11 11 11 22 22 30 32 7 31 31 4 2 -4 31 31 24 -17 7 7 7 7 7 7 7 25 22 30 23 29 -8 -8 
47 -6 -18 -30 23 26 23 34 32 6 6 -7 -7 8 8 8 21 21 32 34 6 29 29 1 5 -7 29 29 24 -16 6 6 6 6 6 6 6 23 23 32 23 31 -12 -12 -41 
47 -6 -14 -29 25 25 22 32 30 7 7 -4 -4 11 11 11 22 22 30 32 7 31 31 4 2 -4 31 31 24 -17 7 7 7 7 7 7 7 25 22 30 23 29 -8 -8 -45 -41 
47 -6 -14 -29 25 25 22 32 30 7 7 -4 -4 11 11 11 22 22 30 32 7 31 31 4 2 -4 31 31 24 -17 7 7 7 7 7 7 7 25 22 30 23 29 -8 -8 -45 -41 -45 
29 6 -3 -22 7 19 17 43 41 15 15 3 3 1 1 1 1 1 41 43 15 38 38 2 4 3 38 38 37 -36 15 15 15 15 15 15 15 7 17 41 8 40 10 10 -20 -21 -20 -20 
33 23 10 17 7 6 4 28 27 48 48 37 37 -2 -2 -2 9 9 27 28 48 41 41 24 23 37 41 41 63 1 48 48 48 48 48 48 48 7 4 27 -6 24 -13 -13 4 4 4 4 -11 
39 14 3 -8 23 22 20 39 37 27 27 22 22 2 2 2 13 13 37 39 27 49 49 20 21 22 49 49 54 14 27 27 27 27 27 27 27 23 20 37 20 34 -40 -40 -8 -12 -8 -8 10 -13 
39 14 3 -8 23 22 20 39 37 27 27 22 22 2 2 2 13 13 37 39 27 49 49 20 21 22 49 49 54 14 27 27 27 27 27 27 27 23 20 37 20 34 -40 -40 -8 -12 -8 -8 10 -13 -40 
39 14 3 -8 23 22 20 39 37 27 27 22 22 2 2 2 13 13 37 39 27 49 49 20 21 22 49 49 54 14 27 27 27 27 27 27 27 23 20 37 20 34 -40 -40 -8 -12 -8 -8 10 -13 -40 -40 
39 14 3 -8 23 22 20 39 37 27 27 22 22 2 2 2 13 13 37 39 27 49 49 20 21 22 49 49 54 14 27 27 27 27 27 27 27 23 20 37 20 34 -40 -40 -8 -12 -8 -8 10 -13 -40 -40 -40 
-12 66 56 20 6 -2 -5 -20 -22 -3 -3 -7 -7 13 13 13 17 17 -22 -20 -3 -35 -35 1 5 -7 -35 -35 97 34 -3 -3 -3 -3 -3 -3 -3 6 -5 -22 7 -23 49 49 31 29 31 31 38 41 49 49 49 49 
11 28 21 -7 0 -9 -12 -2 -4 -29 -29 -43 -43 12 12 12 12 12 -4 -2 -29 -6 -6 -33 -32 -43 -6 -6 60 6 -29 -29 -29 -29 -29 -29 -29 0 -12 -4 0 -5 23 23 -5 -6 -5 -5 2 37 23 23 23 23 -6 
20 28 21 -16 16 19 16 17 15 -11 -11 -16 -16 3 3 3 -6 -6 15 17 -11 3 3 -6 -4 -16 3 3 60 6 -11 -11 -11 -11 -11 -11 -11 16 16 15 28 14 14 14 -5 -6 -5 -5 2 38 14 14 14 14 3 -17 
11 28 21 -7 0 -9 -12 -2 -4 -29 -29 -43 -43 12 12 12 12 12 -4 -2 -29 -6 -6 -33 -32 -43 -6 -6 60 6 -29 -29 -29 -29 -29 -29 -29 0 -12 -4 0 -5 23 23 -5 -6 -5 -5 2 37 23 23 23 23 -6 -45 -17 
12 32 23 -5 -2 -13 -14 -6 -8 -28 -28 -39 -39 12 12 12 12 12 -8 -6 -28 -4 -4 -31 -36 -39 -4 -4 61 7 -28 -28 -28 -28 -28 -28 -28 -2 -14 -8 -4 -7 23 23 -7 -4 -7 -7 4 34 23 23 23 23 -4 -41 -13 -41 
11 28 21 -7 0 -9 -12 -2 -4 -29 -29 -43 -43 12 12 12 12 12 -4 -2 -29 -6 -6 -33 -32 -43 -6 -6 60 6 -29 -29 -29 -29 -29 -29 -29 0 -12 -4 0 -5 23 23 -5 -6 -5 -5 2 37 23 23 23 23 -6 -45 -17 -45 -41 
10 29 20 -6 -2 -9 -12 -1 -3 -31 -31 -45 -45 12 12 12 13 13 -3 -1 -31 -7 -7 -35 -30 -45 -7 -7 61 7 -31 -31 -31 -31 -31 -31 -31 -2 -12 -3 0 -4 22 22 -4 -7 -4 -4 3 37 22 22 22 22 -7 -43 -16 -43 -39 -43 
11 28 21 -7 0 -9 -12 -2 -4 -29 -29 -43 -43 12 12 12 12 12 -4 -2 -29 -6 -6 -33 -32 -43 -6 -6 60 6 -29 -29 -29 -29 -29 -29 -29 0 -12 -4 0 -5 23 23 -5 -6 -5 -5 2 37 23 23 23 23 -6 -45 -17 -45 -41 -45 -43 
10 30 19 -7 -2 -10 -13 -2 -4 -31 -31 -44 -44 12 12 12 12 12 -4 -2 -31 -8 -8 -36 -31 -44 -8 -8 61 7 -31 -31 -31 -31 -31 -31 -31 -2 -13 -4 -1 -5 23 23 -5 -8 -5 -5 2 36 23 23 23 23 -8 -42 -15 -42 -40 -42 -44 -42 
-3 66 56 20 -5 -2 -5 -31 -33 -3 -3 -7 -7 -1 -1 -1 12 12 -33 -31 -3 -26 -26 -12 -6 -7 -26 -26 83 30 -3 -3 -3 -3 -3 -3 -3 -5 -5 -33 -4 -34 36 36 31 29 31 31 38 30 36 36 36 36 -26 -6 12 -6 -4 -6 -7 -6 -8 
-3 66 56 20 -6 -2 -5 -32 -35 -3 -3 -7 -7 0 0 0 13 13 -35 -32 -3 -26 -26 -13 -8 -7 -26 -26 84 31 -3 -3 -3 -3 -3 -3 -3 -6 -5 -35 -5 -35 37 37 31 29 31 31 38 29 37 37 37 37 -26 -6 12 -6 -4 -6 -7 -6 -8 -39 
1 43 33 -2 -2 2 -1 1 -1 -40 -40 -31 -31 16 16 16 16 16 -1 1 -40 -3 -3 -22 -19 -31 -3 -3 61 7 -40 -40 -40 -40 -40 -40 -40 -2 -1 -1 11 -2 27 27 7 6 7 7 15 48 27 27 27 27 -3 -29 -11 -29 -28 -29 -31 -29 -31 -3 -3 
-11 79 70 34 -7 9 6 -21 -22 -2 -2 7 7 14 14 14 5 5 -22 -21 -2 -20 -20 4 5 7 -20 -20 87 32 -2 -2 -2 -2 -2 -2 -2 -7 6 -22 6 -26 48 48 43 43 43 43 41 38 48 48 48 48 -20 6 16 6 7 6 7 6 7 -22 -23 -2 
-11 68 58 22 7 -5 -8 -23 -25 -2 -2 -4 -4 14 14 14 16 16 -25 -23 -2 -32 -32 4 2 -4 -32 -32 97 43 -2 -2 -2 -2 -2 -2 -2 7 -8 -25 4 -26 48 48 29 31 29 29 40 38 48 48 48 48 -32 -5 5 -5 -7 -5 -4 -5 -5 -23 -23 -2 -21 
-11 68 58 22 7 -5 -8 -23 -25 -2 -2 -4 -4 14 14 14 16 16 -25 -23 -2 -32 -32 4 2 -4 -32 -32 97 43 -2 -2 -2 -2 -2 -2 -2 7 -8 -25 4 -26 48 48 29 31 29 29 40 38 48 48 48 48 -32 -5 5 -5 -7 -5 -4 -5 -5 -23 -23 -2 -21 -35 
-11 68 58 22 7 -5 -8 -23 -25 -2 -2 -4 -4 14 14 14 16 16 -25 -23 -2 -32 -32 4 2 -4 -32 -32 97 43 -2 -2 -2 -2 -2 -2 -2 7 -8 -25 4 -26 48 48 29 31 29 29 40 38 48 48 48 48 -32 -5 5 -5 -7 -5 -4 -5 -5 -23 -23 -2 -21 -35 -35 
-11 68 58 22 7 -5 -8 -23 -25 -2 -2 -4 -4 14 14 14 16 16 -25 -23 -2 -32 -32 4 2 -4 -32 -32 97 43 -2 -2 -2 -2 -2 -2 -2 7 -8 -25 4 -26 48 48 29 31 29 29 40 38 48 48 48 48 -32 -5 5 -5 -7 -5 -4 -5 -5 -23 -23 -2 -21 -35 -35 -35 
-11 68 58 22 7 -5 -8 -23 -25 -2 -2 -4 -4 14 14 14 16 16 -25 -23 -2 -32 -32 4 2 -4 -32 -32 97 43 -2 -2 -2 -2 -2 -2 -2 7 -8 -25 4 -26 48 48 29 31 29 29 40 38 48 48 48 48 -32 -5 5 -5 -7 -5 -4 -5 -5 -23 -23 -2 -21 -35 -35 -35 -35 
-11 68 58 22 7 -5 -8 -23 -25 -2 -2 -4 -4 14 14 14 16 16 -25 -23 -2 -32 -32 4 2 -4 -32 -32 97 43 -2 -2 -2 -2 -2 -2 -2 7 -8 -25 4 -26 48 48 29 31 29 29 40 38 48 48 48 48 -32 -5 5 -5 -7 -5 -4 -5 -5 -23 -23 -2 -21 -35 -35 -35 -35 -35 
54 11 -1 8 42 25 26 62 64 42 42 31 31 44 44 44 55 55 64 62 42 65 65 30 30 31 65 65 1 20 42 42 42 42 42 42 42 42 26 64 25 61 16 16 -5 -5 -5 -5 8 10 16 16 16 16 65 32 32 32 30 32 31 32 30 63 62 42 61 63 63 63 63 63 63 
72 2 -10 37 60 43 44 80 82 60 60 60 60 71 71 71 74 74 82 80 60 83 83 48 51 60 83 83 5 49 60 60 60 60 60 60 60 60 44 82 43 79 31 31 24 25 24 24 37 31 31 31 31 31 83 61 61 61 59 61 60 61 60 81 80 60 79 81 81 81 81 81 81 -23 
64 -14 -20 15 53 57 54 64 62 24 24 24 24 55 55 55 66 66 62 64 24 60 60 24 25 24 60 60 10 28 24 24 24 24 24 24 24 53 54 62 57 61 34 34 3 3 3 3 15 43 34 34 34 34 60 24 37 24 25 24 24 24 24 60 60 24 61 61 61 61 61 61 61 -7 13 
75 -27 -40 8 49 49 47 62 64 42 42 31 31 41 41 41 52 52 64 62 42 65 65 30 30 31 65 65 39 20 42 42 42 42 42 42 42 49 47 64 37 63 2 2 -5 -5 -5 -5 8 -1 2 2 2 2 65 32 32 32 30 32 31 32 30 65 65 42 77 63 63 63 63 63 63 -10 -23 -7 
38 23 13 -22 33 21 21 26 24 0 0 9 9 17 17 17 28 28 24 26 0 34 34 6 9 9 34 34 41 -13 0 0 0 0 0 0 0 33 21 24 30 20 -11 -11 -13 -14 -13 -13 -4 13 -11 -11 -11 -11 34 10 1 10 11 10 9 10 9 23 22 0 20 34 34 34 34 34 34 18 46 32 18 
66 -11 -24 16 42 44 42 66 64 52 52 39 39 26 26 26 39 39 64 66 52 75 75 24 28 39 75 75 21 30 52 52 52 52 52 52 52 42 42 64 32 65 -6 -6 5 1 5 5 16 -2 -6 -6 -6 -6 75 40 40 40 41 40 39 40 38 62 61 52 77 77 77 77 77 77 77 -10 14 11 -16 20 
66 -11 -24 16 42 44 42 66 64 52 52 39 39 26 26 26 39 39 64 66 52 75 75 24 28 39 75 75 21 30 52 52 52 52 52 52 52 42 42 64 32 65 -6 -6 5 1 5 5 16 -2 -6 -6 -6 -6 75 40 40 40 41 40 39 40 38 62 61 52 77 77 77 77 77 77 77 -10 14 11 -16 20 -50 
66 -11 -24 16 42 44 42 66 64 52 52 39 39 26 26 26 39 39 64 66 52 75 75 24 28 39 75 75 21 30 52 52 52 52 52 52 52 42 42 64 32 65 -6 -6 5 1 5 5 16 -2 -6 -6 -6 -6 75 40 40 40 41 40 39 40 38 62 61 52 77 77 77 77 77 77 77 -10 14 11 -16 20 -50 -50 
1 43 33 -2 -2 2 -1 1 -1 -40 -40 -31 -31 16 16 16 16 16 -1 1 -40 -3 -3 -22 -19 -31 -3 -3 61 7 -40 -40 -40 -40 -40 -40 -40 -2 -1 -1 11 -2 27 27 7 6 7 7 15 48 27 27 27 27 -3 -29 -11 -29 -28 -29 -31 -29 -31 -3 -3 -40 -2 -2 -2 -2 -2 -2 -2 42 60 24 42 0 52 52 52 
1 43 33 -2 -2 2 -1 1 -1 -40 -40 -31 -31 16 16 16 16 16 -1 1 -40 -3 -3 -22 -19 -31 -3 -3 61 7 -40 -40 -40 -40 -40 -40 -40 -2 -1 -1 11 -2 27 27 7 6 7 7 15 48 27 27 27 27 -3 -29 -11 -29 -28 -29 -31 -29 -31 -3 -3 -40 -2 -2 -2 -2 -2 -2 -2 42 60 24 42 0 52 52 52 -40 
-35 83 74 38 -17 -13 -16 1 -1 1 1 10 10 3 3 3 -6 -6 -1 1 1 -12 -12 19 21 10 -12 -12 74 20 1 1 1 1 1 1 1 -17 -16 -1 -4 -2 39 39 47 47 47 47 29 33 39 39 39 39 -12 11 20 11 12 11 10 11 10 -3 -3 1 -11 -11 -11 -11 -11 -11 -11 54 72 64 75 38 66 66 66 1 1 
64 -14 -20 15 53 57 54 64 62 24 24 24 24 55 55 55 66 66 62 64 24 60 60 24 25 24 60 60 10 28 24 24 24 24 24 24 24 53 54 62 57 61 34 34 3 3 3 3 15 43 34 34 34 34 60 24 37 24 25 24 24 24 24 60 60 24 61 61 61 61 61 61 61 -7 13 -42 -7 32 11 11 11 24 24 64 
1 43 33 -2 -2 2 -1 1 -1 -40 -40 -31 -31 16 16 16 16 16 -1 1 -40 -3 -3 -22 -19 -31 -3 -3 61 7 -40 -40 -40 -40 -40 -40 -40 -2 -1 -1 11 -2 27 27 7 6 7 7 15 48 27 27 27 27 -3 -29 -11 -29 -28 -29 -31 -29 -31 -3 -3 -40 -2 -2 -2 -2 -2 -2 -2 42 60 24 42 0 52 52 52 -40 -40 1 24 
37 16 5 2 25 29 26 37 35 -4 -4 -4 -4 40 40 40 48 48 35 37 -4 33 33 -4 -1 -4 33 33 33 2 -4 -4 -4 -4 -4 -4 -4 25 26 35 29 34 19 19 -11 -13 -11 -11 -3 25 19 19 19 19 33 -2 12 -2 -1 -2 -4 -2 -4 33 33 -4 34 34 34 34 34 34 34 16 46 -3 16 4 24 24 24 -4 -4 37 -3 -4 
1 43 33 -2 -2 2 -1 1 -1 -40 -40 -31 -31 16 16 16 16 16 -1 1 -40 -3 -3 -22 -19 -31 -3 -3 61 7 -40 -40 -40 -40 -40 -40 -40 -2 -1 -1 11 -2 27 27 7 6 7 7 15 48 27 27 27 27 -3 -29 -11 -29 -28 -29 -31 -29 -31 -3 -3 -40 -2 -2 -2 -2 -2 -2 -2 42 60 24 42 0 52 52 52 -40 -40 1 24 -40 -4 
-8 56 47 11 10 14 11 1 -1 -26 -26 -17 -17 30 30 30 21 21 -1 1 -26 -12 -12 -8 -6 -17 -12 -12 74 20 -26 -26 -26 -26 -26 -26 -26 10 11 -1 23 -2 39 39 20 20 20 20 29 60 39 39 39 39 -12 -16 -7 -16 -15 -16 -17 -16 -17 -3 -3 -26 -11 -11 -11 -11 -11 -11 -11 54 72 37 54 12 66 66 66 -26 -26 -8 37 -26 10 -26 
47 -6 -14 -29 25 25 22 32 30 7 7 -4 -4 11 11 11 22 22 30 32 7 31 31 4 2 -4 31 31 24 -17 7 7 7 7 7 7 7 25 22 30 23 29 -8 -8 -45 -41 -45 -45 -20 4 -8 -8 -8 -8 31 -5 -5 -5 -7 -5 -4 -5 -5 31 31 7 43 29 29 29 29 29 29 -5 24 3 -5 -13 5 5 5 7 7 47 3 7 -11 7 20 
-3 66 56 20 -5 -2 -5 -31 -33 -3 -3 -7 -7 -1 -1 -1 12 12 -33 -31 -3 -26 -26 -12 -6 -7 -26 -26 83 30 -3 -3 -3 -3 -3 -3 -3 -5 -5 -33 -4 -34 36 36 31 29 31 31 38 30 36 36 36 36 -26 -6 12 -6 -4 -6 -7 -6 -8 -40 -39 -3 -22 -23 -23 -23 -23 -23 -23 63 81 60 65 23 62 62 62 -3 -3 -3 60 -3 33 -3 -3 31 
-35 83 74 38 -17 -13 -16 1 -1 1 1 10 10 3 3 3 -6 -6 -1 1 1 -12 -12 19 21 10 -12 -12 74 20 1 1 1 1 1 1 1 -17 -16 -1 -4 -2 39 39 47 47 47 47 29 33 39 39 39 39 -12 11 20 11 12 11 10 11 10 -3 -3 1 -11 -11 -11 -11 -11 -11 -11 54 72 64 75 38 66 66 66 1 1 -35 64 1 37 1 -8 47 -3 
-8 56 47 11 10 14 11 1 -1 -26 -26 -17 -17 30 30 30 21 21 -1 1 -26 -12 -12 -8 -6 -17 -12 -12 74 20 -26 -26 -26 -26 -26 -26 -26 10 11 -1 23 -2 39 39 20 20 20 20 29 60 39 39 39 39 -12 -16 -7 -16 -15 -16 -17 -16 -17 -3 -3 -26 -11 -11 -11 -11 -11 -11 -11 54 72 37 54 12 66 66 66 -26 -26 -8 37 -26 10 -26 -35 20 -3 -8 
66 -11 -24 16 42 44 42 66 64 52 52 39 39 26 26 26 39 39 64 66 52 75 75 24 28 39 75 75 21 30 52 52 52 52 52 52 52 42 42 64 32 65 -6 -6 5 1 5 5 16 -2 -6 -6 -6 -6 75 40 40 40 41 40 39 40 38 62 61 52 77 77 77 77 77 77 77 -10 14 11 -16 20 -50 -50 -50 52 52 66 11 52 24 52 66 5 62 66 66 
