
i = 50 p = 2
	Relax PCSC: 403,4 457,9 463,0 463,0 (0,3/0,9 s)
	Relax PCSCO: 403,4 457,9 463,0 463,0 (0,1/0,2 s)
	Relax PCRad: 289,3 358,5 400,9 427,2 440,5 450,0 455,0 459,6 461,6 462,7 463,0 463,0 (0,1/0,1 s)

	Time 
		pcrad_it: 0,2s
		pcsco_it: 0,2s
		pcrad: 0,2s
		pcsco: 0,3s
		pcsc_it: 1,1s

	Optimal radius: 463,0

 p = 3
	Relax PCSC: 344,4 390,5 403,5 407,5 409,5 410,5 411,0 411,0 (0,2/0,7 s)
	Relax PCSCO: 344,4 390,5 403,5 407,5 409,5 410,5 411,0 411,0 (0,1/0,1 s)
	Relax PCRad: 235,8 294,8 342,0 367,7 382,5 392,6 400,6 405,2 408,3 410,0 410,5 411,0 411,0 (0,1/0,1 s)

	Time 
		pcrad_it: 0,1s
		pcsco: 0,1s
		pcsco_it: 0,2s
		pcrad: 0,3s
		pcsc_it: 0,8s

	Optimal radius: 411,0

 p = 4
	Relax PCSC: 291,8 325,4 335,0 335,0 (0,2/0,5 s)
	Relax PCSCO: 291,8 325,4 335,0 335,0 (0,0/0,1 s)
	Relax PCRad: 218,0 253,7 274,9 295,8 313,9 321,7 327,7 332,0 334,5 335,0 335,0 (0,1/0,1 s)

	Time 
		pcsco: 0,1s
		pcsco_it: 0,2s
		pcrad_it: 0,2s
		pcrad: 0,3s
		pcsc_it: 0,7s

	Optimal radius: 335,0

 p = 5
	Relax PCSC: 255,5 278,2 292,2 299,0 299,0 (0,1/0,4 s)
	Relax PCSCO: 255,5 278,2 292,2 299,0 299,0 (0,0/0,1 s)
	Relax PCRad: 211,7 241,0 253,8 263,8 273,6 281,0 286,4 291,4 295,4 297,6 298,8 299,0 299,0 (0,1/0,1 s)

	Time 
		pcsco_it: 0,1s
		pcsco: 0,1s
		pcrad_it: 0,2s
		pcrad: 0,3s
		pcsc_it: 0,6s

	Optimal radius: 299,0

 p = 6
	Relax PCSC: 224,7 249,2 261,8 268,0 268,0 (0,1/0,3 s)
	Relax PCSCO: 224,7 249,2 261,8 268,0 268,0 (0,0/0,1 s)
	Relax PCRad: 172,0 199,8 220,8 235,1 243,8 249,8 255,7 259,0 262,1 265,6 266,9 267,6 268,0 268,0 (0,1/0,1 s)

	Time 
		pcsco_it: 0,1s
		pcsco: 0,1s
		pcrad_it: 0,1s
		pcsc_it: 0,4s
		pcrad: 0,8s

	Optimal radius: 268,0

 p = 7
	Relax PCSC: 200,2 214,7 222,8 228,0 231,0 232,5 233,5 234,0 234,0 (0,2/0,6 s)
	Relax PCSCO: 200,2 214,7 222,8 228,0 231,0 232,5 233,5 234,0 234,0 (0,0/0,1 s)
	Relax PCRad: 164,0 179,1 191,7 198,4 203,5 207,8 211,2 218,5 223,7 226,0 229,0 230,6 231,6 232,5 233,3 234,0 234,0 (0,0/0,1 s)

	Time 
		pcsco: 0,1s
		pcsco_it: 0,1s
		pcrad_it: 0,1s
		pcrad: 0,4s
		pcsc_it: 0,7s

	Optimal radius: 234,0

 p = 8
	Relax PCSC: 197,3 215,0 225,9 234,8 239,0 239,0 (0,2/0,4 s)
	Relax PCSCO: 197,3 215,0 225,9 234,8 239,0 239,0 (0,0/0,1 s)
	Relax PCRad: 160,8 175,0 186,3 198,8 206,4 214,4 220,9 224,1 227,3 232,9 237,1 238,5 239,0 239,0 (0,0/0,1 s)

	Time 
		pcsco: 0,1s
		pcsco_it: 0,1s
		pcrad_it: 0,1s
		pcrad: 0,4s
		pcsc_it: 0,5s

	Optimal radius: 239,0

 p = 9
	Relax PCSC: 180,4 197,8 204,4 208,0 209,5 210,5 211,0 211,0 (0,2/0,3 s)
	Relax PCSCO: 180,4 197,8 204,4 208,0 209,5 210,5 211,0 211,0 (0,0/0,1 s)
	Relax PCRad: 147,7 173,5 185,4 191,9 195,7 198,5 201,7 203,4 205,1 206,9 207,7 209,1 210,4 211,0 211,0 (0,0/0,1 s)

	Time 
		pcsco_it: 0,1s
		pcrad_it: 0,1s
		pcsco: 0,1s
		pcsc_it: 0,4s
		pcrad: 0,6s

	Optimal radius: 211,0


i = 60 p = 2
	Relax PCSC: 443,2 489,4 509,3 523,8 531,0 532,0 532,0 (0,3/1,5 s)
	Relax PCSCO: 443,2 489,4 509,3 523,8 531,0 532,0 532,0 (0,1/0,3 s)
	Relax PCRad: 313,8 391,5 432,3 453,5 469,7 483,2 495,1 504,3 511,4 517,1 522,1 526,1 529,1 531,3 532,0 532,0 (0,1/0,2 s)

	Time 
		pcrad_it: 0,2s
		pcsco_it: 0,4s
		pcrad: 0,4s
		pcsco: 0,4s
		pcsc_it: 1,5s

	Optimal radius: 532,0

 p = 3
	Relax PCSC: 344,4 390,5 403,5 407,5 409,5 410,5 411,0 411,0 (0,4/1,4 s)
	Relax PCSCO: 344,4 390,5 403,5 407,5 409,5 410,5 411,0 411,0 (0,1/0,3 s)
	Relax PCRad: 222,9 288,0 330,6 360,2 379,1 391,5 399,5 404,7 407,7 409,4 410,5 411,0 411,0 (0,1/0,2 s)

	Time 
		pcrad_it: 0,2s
		pcsco_it: 0,3s
		pcsco: 0,3s
		pcrad: 0,6s
		pcsc_it: 1,6s

	Optimal radius: 411,0

 p = 4
	Relax PCSC: 291,7 321,0 321,0 (0,2/0,6 s)
	Relax PCSCO: 291,7 321,0 321,0 (0,0/0,1 s)
	Relax PCRad: 211,5 250,3 273,5 292,8 306,2 314,9 318,5 320,5 321,0 321,0 (0,1/0,2 s)

	Time 
		pcsco: 0,2s
		pcsco_it: 0,2s
		pcrad_it: 0,2s
		pcrad: 0,5s
		pcsc_it: 0,9s

	Optimal radius: 321,0

 p = 5
	Relax PCSC: 253,9 278,9 292,0 298,5 299,0 299,0 (0,3/0,9 s)
	Relax PCSCO: 253,9 278,9 292,0 298,5 299,0 299,0 (0,1/0,2 s)
	Relax PCRad: 212,1 236,6 254,7 266,0 275,6 283,7 289,0 293,4 296,4 298,3 299,0 299,0 (0,1/0,2 s)

	Time 
		pcsco: 0,1s
		pcrad_it: 0,2s
		pcsco_it: 0,2s
		pcrad: 0,7s
		pcsc_it: 1,2s

	Optimal radius: 299,0

 p = 6
	Relax PCSC: 227,8 254,5 267,4 274,5 280,0 284,2 287,2 290,0 291,0 291,0 (0,4/1,1 s)
	Relax PCSCO: 227,8 254,5 267,4 274,5 280,0 284,2 287,2 290,0 291,0 291,0 (0,1/0,2 s)
	Relax PCRad: 167,8 197,4 221,7 234,7 243,4 250,9 256,8 260,7 264,6 268,5 271,2 273,8 276,6 278,3 280,1 282,9 283,9 284,8 285,8 286,7 288,2 289,9 290,4 291,0 291,0 (0,1/0,3 s)

	Time 
		pcsco: 0,3s
		pcsco_it: 0,3s
		pcrad_it: 0,3s
		pcrad: 0,7s
		pcsc_it: 1,3s

	Optimal radius: 291,0

 p = 7
	Relax PCSC: 202,2 220,5 230,5 234,0 234,0 (0,1/0,4 s)
	Relax PCSCO: 202,2 220,5 230,5 234,0 234,0 (0,0/0,1 s)
	Relax PCRad: 163,6 183,4 195,8 204,2 211,2 218,1 223,2 227,2 231,3 233,3 234,0 234,0 (0,0/0,1 s)

	Time 
		pcsco_it: 0,1s
		pcsco: 0,1s
		pcrad_it: 0,1s
		pcsc_it: 0,6s
		pcrad: 0,6s

	Optimal radius: 234,0

 p = 8
	Relax PCSC: 195,6 212,8 220,8 226,1 227,0 227,0 (0,1/0,4 s)
	Relax PCSCO: 195,6 212,8 220,8 226,1 227,0 227,0 (0,0/0,1 s)
	Relax PCRad: 155,3 173,2 185,8 194,2 202,1 209,9 213,9 216,3 219,0 220,8 222,5 224,2 225,8 226,6 227,0 227,0 (0,0/0,1 s)

	Time 
		pcsco: 0,0s
		pcsco_it: 0,1s
		pcrad_it: 0,1s
		pcrad: 0,3s
		pcsc_it: 0,5s

	Optimal radius: 227,0

 p = 9
	Relax PCSC: 179,9 196,1 203,0 206,8 209,0 210,5 211,0 211,0 (0,2/0,4 s)
	Relax PCSCO: 179,9 196,1 203,0 206,8 209,0 210,5 211,0 211,0 (0,0/0,1 s)
	Relax PCRad: 146,6 164,1 178,4 186,7 192,1 196,0 199,0 201,5 203,2 204,9 206,5 207,6 209,0 209,5 210,3 211,0 211,0 (0,1/0,1 s)

	Time 
		pcsco_it: 0,1s
		pcsco: 0,1s
		pcrad_it: 0,2s
		pcsc_it: 0,5s
		pcrad: 0,8s

	Optimal radius: 211,0


i = 70 p = 2
	Relax PCSC: 443,0 491,8 516,7 531,8 541,9 549,7 554,0 554,0 (0,4/2,3 s)
	Relax PCSCO: 443,0 491,8 516,7 531,8 541,9 549,7 554,0 554,0 (0,1/0,6 s)
	Relax PCRad: 318,1 393,3 434,3 460,1 480,7 495,5 507,0 516,0 524,5 532,2 538,1 543,0 547,1 550,3 552,5 553,7 554,0 554,0 (0,1/0,3 s)

	Time 
		pcrad_it: 0,3s
		pcsco_it: 0,6s
		pcrad: 1,0s
		pcsco: 1,1s
		pcsc_it: 2,3s

	Optimal radius: 554,0

 p = 3
	Relax PCSC: 344,6 390,5 411,0 411,0 (0,3/1,4 s)
	Relax PCSCO: 344,6 390,5 411,0 411,0 (0,1/0,4 s)
	Relax PCRad: 221,0 285,9 328,6 358,6 378,1 390,9 399,0 405,6 409,3 410,9 411,0 411,0 (0,1/0,3 s)

	Time 
		pcrad_it: 0,3s
		pcsco_it: 0,5s
		pcsco: 0,5s
		pcrad: 1,5s
		pcsc_it: 1,7s

	Optimal radius: 411,0

 p = 4
	Relax PCSC: 290,3 320,0 321,0 321,0 (0,3/1,3 s)
	Relax PCSCO: 290,3 320,0 321,0 321,0 (0,1/0,4 s)
	Relax PCRad: 200,1 241,0 263,1 279,1 293,1 303,4 311,1 316,4 319,4 320,8 321,0 321,0 (0,1/0,3 s)

	Time 
		pcsco: 0,4s
		pcrad_it: 0,4s
		pcsco_it: 0,4s
		pcrad: 1,7s
		pcsc_it: 1,7s

	Optimal radius: 321,0

 p = 5
	Relax PCSC: 249,4 272,1 282,8 288,5 292,8 295,3 297,3 298,0 298,0 (0,5/1,6 s)
	Relax PCSCO: 249,4 272,1 282,8 288,5 292,8 295,3 297,3 298,0 298,0 (0,1/0,3 s)
	Relax PCRad: 200,4 226,4 243,4 254,7 263,2 269,8 274,4 278,8 282,3 285,7 288,3 290,8 292,5 294,1 295,8 296,6 297,4 298,0 298,0 (0,2/0,5 s)

	Time 
		pcsco_it: 0,4s
		pcrad_it: 0,5s
		pcsco: 0,6s
		pcsc_it: 1,9s
		pcrad: 3,6s

	Optimal radius: 298,0

 p = 6
	Relax PCSC: 226,4 252,2 264,2 270,9 274,9 277,7 278,5 279,0 279,0 (0,6/2,2 s)
	Relax PCSCO: 226,4 252,2 264,2 270,9 274,9 277,7 278,5 279,0 279,0 (0,1/0,4 s)
	Relax PCRad: 172,1 202,8 223,6 235,4 244,2 251,2 257,2 261,2 264,3 266,9 268,6 270,3 272,1 273,9 275,5 276,6 277,5 278,3 279,0 279,0 (0,2/0,4 s)

	Time 
		pcsco: 0,3s
		pcsco_it: 0,5s
		pcrad_it: 0,5s
		pcrad: 2,3s
		pcsc_it: 2,8s

	Optimal radius: 279,0

 p = 7
	Relax PCSC: 202,7 223,6 234,2 242,1 247,4 248,0 248,0 (0,4/1,2 s)
	Relax PCSCO: 202,7 223,6 234,2 242,1 247,4 248,0 248,0 (0,1/0,2 s)
	Relax PCRad: 160,0 183,1 197,2 206,6 214,2 222,1 228,1 234,2 238,4 241,7 244,2 246,5 247,7 248,0 248,0 (0,1/0,3 s)

	Time 
		pcsco_it: 0,3s
		pcrad_it: 0,3s
		pcsco: 0,4s
		pcrad: 1,3s
		pcsc_it: 1,5s

	Optimal radius: 248,0

 p = 8
	Relax PCSC: 197,1 213,2 221,7 225,0 226,5 227,0 227,0 (0,4/1,1 s)
	Relax PCSCO: 197,1 213,2 221,7 225,0 226,5 227,0 227,0 (0,1/0,2 s)
	Relax PCRad: 153,2 172,9 185,1 194,3 203,1 209,0 212,8 215,5 218,1 220,8 222,5 224,2 225,8 226,5 227,0 227,0 (0,1/0,3 s)

	Time 
		pcsco: 0,2s
		pcsco_it: 0,2s
		pcrad_it: 0,3s
		pcrad: 1,3s
		pcsc_it: 1,4s

	Optimal radius: 227,0

 p = 9
	Relax PCSC: 180,6 195,2 201,2 204,8 206,5 207,8 208,0 208,0 (0,3/0,6 s)
	Relax PCSCO: 180,6 195,2 201,2 204,8 206,5 207,8 208,0 208,0 (0,1/0,1 s)
	Relax PCRad: 146,8 165,4 175,9 183,7 188,3 193,1 196,2 198,8 200,5 202,2 203,8 204,6 205,5 206,3 207,2 208,0 208,0 (0,1/0,2 s)

	Time 
		pcsco: 0,1s
		pcsco_it: 0,2s
		pcrad_it: 0,2s
		pcrad: 0,7s
		pcsc_it: 0,9s

	Optimal radius: 208,0


i = 80 p = 2
	Relax PCSC: 444,1 499,7 524,3 536,8 544,0 548,7 552,0 553,5 554,0 554,0 (0,5/3,2 s)
	Relax PCSCO: 444,1 499,7 524,3 536,8 544,0 548,7 552,0 553,5 554,0 554,0 (0,1/0,9 s)
	Relax PCRad: 313,4 394,2 443,1 475,8 495,5 508,1 517,3 524,2 531,0 535,3 539,6 543,0 546,4 548,9 550,5 552,1 553,5 554,0 554,0 (0,2/0,5 s)

	Time 
		pcrad_it: 0,5s
		pcsco_it: 0,9s
		pcsco: 1,4s
		pcrad: 1,6s
		pcsc_it: 3,3s

	Optimal radius: 554,0

 p = 3
	Relax PCSC: 352,7 400,7 430,2 442,7 449,5 451,0 451,0 (0,5/1,9 s)
	Relax PCSCO: 352,7 400,8 430,2 442,7 449,5 451,0 451,0 (0,1/0,6 s)
	Relax PCRad: 227,4 292,5 338,6 372,7 395,6 409,9 419,7 428,0 434,5 440,1 444,8 447,7 449,7 450,8 451,0 451,0 (0,2/0,4 s)

	Time 
		pcrad_it: 0,4s
		pcsco: 0,6s
		pcsco_it: 0,7s
		pcrad: 1,1s
		pcsc_it: 2,2s

	Optimal radius: 451,0

 p = 4
	Relax PCSC: 292,3 319,2 327,5 330,0 330,0 (0,3/1,3 s)
	Relax PCSCO: 292,3 319,2 327,5 330,0 330,0 (0,1/0,4 s)
	Relax PCRad: 191,0 235,1 260,5 278,7 294,8 305,6 314,0 319,9 324,2 327,6 329,4 330,0 330,0 (0,1/0,3 s)

	Time 
		pcrad_it: 0,3s
		pcsco: 0,4s
		pcsco_it: 0,4s
		pcsc_it: 1,7s
		pcrad: 2,7s

	Optimal radius: 330,0

 p = 5
	Relax PCSC: 251,4 273,9 285,4 293,5 299,1 300,0 300,0 (0,8/2,5 s)
	Relax PCSCO: 251,4 273,9 285,4 293,5 299,1 300,0 300,0 (0,1/0,7 s)
	Relax PCRad: 187,9 222,8 242,0 255,2 265,8 273,8 280,4 286,1 290,9 294,1 297,1 299,2 300,0 300,0 (0,2/0,7 s)

	Time 
		pcsco: 0,6s
		pcrad_it: 0,7s
		pcsco_it: 0,8s
		pcrad: 2,0s
		pcsc_it: 3,2s

	Optimal radius: 300,0

 p = 6
	Relax PCSC: 224,7 252,5 264,2 267,0 267,0 (0,3/1,5 s)
	Relax PCSCO: 224,7 252,5 264,2 267,0 267,0 (0,1/0,3 s)
	Relax PCRad: 169,1 201,3 222,7 236,7 245,5 251,2 256,8 259,9 262,2 264,4 266,0 266,6 267,0 267,0 (0,1/0,4 s)

	Time 
		pcsco_it: 0,4s
		pcrad_it: 0,4s
		pcsco: 0,6s
		pcsc_it: 1,8s
		pcrad: 2,5s

	Optimal radius: 267,0

 p = 7
	Relax PCSC: 202,5 221,6 232,7 238,3 242,3 245,0 246,3 247,5 248,0 248,0 (0,5/1,7 s)
	Relax PCSCO: 202,5 221,6 232,7 238,3 242,3 245,0 246,3 247,5 248,0 248,0 (0,1/0,3 s)
	Relax PCRad: 157,8 180,5 194,4 203,8 211,2 218,9 223,9 228,2 232,5 235,9 238,4 240,8 242,4 244,1 245,7 246,4 247,2 248,0 248,0 (0,2/0,4 s)

	Time 
		pcsco: 0,2s
		pcsco_it: 0,4s
		pcrad_it: 0,5s
		pcrad: 1,5s
		pcsc_it: 2,7s

	Optimal radius: 248,0

 p = 8
	Relax PCSC: 193,8 208,5 218,5 223,5 226,0 227,0 227,0 (0,5/1,5 s)
	Relax PCSCO: 193,8 208,5 218,5 223,5 226,0 227,0 227,0 (0,1/0,3 s)
	Relax PCRad: 145,8 168,0 182,7 190,8 198,3 204,5 209,4 213,3 216,3 219,0 221,7 223,4 225,1 226,5 227,0 227,0 (0,2/0,4 s)

	Time 
		pcsco: 0,3s
		pcsco_it: 0,3s
		pcrad_it: 0,5s
		pcrad: 1,6s
		pcsc_it: 1,9s

	Optimal radius: 227,0

 p = 9
	Relax PCSC: 178,3 193,7 201,2 206,2 209,0 211,0 211,0 (0,3/0,9 s)
	Relax PCSCO: 178,3 193,7 201,2 206,2 209,0 211,0 211,0 (0,1/0,2 s)
	Relax PCRad: 143,5 161,0 172,9 180,3 186,0 189,9 194,3 197,7 200,2 202,6 204,2 206,0 206,8 207,7 208,6 209,5 210,3 211,0 211,0 (0,1/0,3 s)

	Time 
		pcsco: 0,2s
		pcsco_it: 0,2s
		pcrad_it: 0,3s
		pcsc_it: 1,0s
		pcrad: 1,6s

	Optimal radius: 211,0


i = 90 p = 2
	Relax PCSC: 444,3 499,7 524,0 535,7 542,8 548,0 551,5 553,5 554,0 554,0 (0,6/3,6 s)
	Relax PCSCO: 444,3 499,7 524,0 535,7 542,8 548,0 551,5 553,5 554,0 554,0 (0,1/0,6 s)
	Relax PCRad: 312,8 393,4 442,9 474,5 495,2 508,3 516,9 523,1 528,9 533,2 537,6 541,0 544,5 547,1 549,6 551,2 552,8 553,5 554,0 554,0 (0,2/0,8 s)

	Time 
		pcsco_it: 0,7s
		pcrad_it: 0,8s
		pcsco: 1,7s
		pcrad: 2,2s
		pcsc_it: 3,7s

	Optimal radius: 554,0

 p = 3
	Relax PCSC: 366,6 419,0 436,2 444,0 444,0 (0,7/3,3 s)
	Relax PCSCO: 366,6 419,0 436,0 443,5 444,0 444,0 (0,2/0,7 s)
	Relax PCRad: 227,1 294,4 342,6 377,7 400,3 413,1 422,1 429,4 435,0 438,8 441,6 443,4 444,0 444,0 (0,3/1,1 s)

	Time 
		pcsco_it: 0,9s
		pcsco: 0,9s
		pcrad_it: 1,2s
		pcsc_it: 4,1s
		pcrad: 5,8s

	Optimal radius: 444,0

 p = 4
	Relax PCSC: 295,7 324,5 330,0 330,0 (0,4/2,1 s)
	Relax PCSCO: 295,7 324,5 330,0 330,0 (0,1/0,9 s)
	Relax PCRad: 194,1 236,2 262,3 281,3 296,8 307,3 315,6 321,5 325,7 328,2 329,8 330,0 330,0 (0,2/0,8 s)

	Time 
		pcsco: 0,9s
		pcrad_it: 0,9s
		pcsco_it: 1,0s
		pcsc_it: 2,8s
		pcrad: 6,5s

	Optimal radius: 330,0

 p = 5
	Relax PCSC: 251,1 277,3 290,3 298,0 300,0 300,0 (0,6/2,5 s)
	Relax PCSCO: 251,1 277,3 290,3 298,0 300,0 300,0 (0,1/0,9 s)
	Relax PCRad: 178,3 217,7 241,6 258,1 269,4 277,8 284,0 289,6 293,5 296,5 298,6 299,7 300,0 300,0 (0,2/0,9 s)

	Time 
		pcsco_it: 1,0s
		pcrad_it: 1,0s
		pcsco: 1,5s
		pcsc_it: 3,1s
		pcrad: 4,4s

	Optimal radius: 300,0

 p = 6
	Relax PCSC: 222,3 249,5 261,9 267,0 267,0 (0,4/1,6 s)
	Relax PCSCO: 222,3 249,5 261,9 267,0 267,0 (0,1/0,4 s)
	Relax PCRad: 161,5 196,1 218,8 232,4 242,3 248,9 254,3 258,3 261,4 263,6 265,2 266,6 267,0 267,0 (0,2/0,5 s)

	Time 
		pcsco: 0,4s
		pcsco_it: 0,5s
		pcrad_it: 0,5s
		pcsc_it: 2,0s
		pcrad: 2,5s

	Optimal radius: 267,0

 p = 7
	Relax PCSC: 196,3 216,8 227,6 234,6 238,5 241,5 243,8 245,3 246,8 247,3 248,0 248,0 (0,6/2,3 s)
	Relax PCSCO: 196,3 216,8 227,6 234,6 238,5 241,5 243,8 245,3 246,8 247,3 248,0 248,0 (0,1/0,5 s)
	Relax PCRad: 153,8 176,8 190,7 200,4 208,4 214,8 220,0 224,3 228,6 232,0 234,5 237,0 238,6 240,3 242,1 243,8 244,7 245,5 246,3 247,2 248,0 248,0 (0,2/0,6 s)

	Time 
		pcsco_it: 0,6s
		pcrad_it: 0,7s
		pcsco: 0,9s
		pcsc_it: 2,6s
		pcrad: 3,1s

	Optimal radius: 248,0

 p = 8
	Relax PCSC: 193,3 209,1 219,6 225,2 227,0 227,0 (0,4/1,7 s)
	Relax PCSCO: 193,3 209,1 219,6 225,2 227,0 227,0 (0,1/0,3 s)
	Relax PCRad: 142,7 165,1 180,7 189,3 197,0 203,9 208,8 212,6 215,5 218,2 220,9 222,7 224,4 226,0 226,6 227,0 227,0 (0,2/0,5 s)

	Time 
		pcsco: 0,3s
		pcsco_it: 0,4s
		pcrad_it: 0,6s
		pcsc_it: 2,1s
		pcrad: 3,2s

	Optimal radius: 227,0

 p = 9
	Relax PCSC: 180,1 194,7 202,2 207,4 210,6 212,0 212,0 (0,3/1,0 s)
	Relax PCSCO: 180,1 194,7 202,2 207,4 210,6 212,0 212,0 (0,1/0,2 s)
	Relax PCRad: 142,4 161,2 173,0 181,3 187,6 193,3 197,4 200,7 203,2 205,6 207,3 209,0 209,8 210,7 211,5 212,0 212,0 (0,1/0,4 s)

	Time 
		pcsco_it: 0,3s
		pcsco: 0,3s
		pcrad_it: 0,4s
		pcsc_it: 1,3s
		pcrad: 1,7s

	Optimal radius: 212,0


i = 100 p = 2
	Relax PCSC: 441,7 495,6 516,9 525,0 525,0 (0,6/3,4 s)
	Relax PCSCO: 441,7 495,6 516,9 525,0 525,0 (0,1/0,7 s)
	Relax PCRad: 302,6 387,0 436,0 467,2 486,2 498,3 507,7 514,6 519,7 523,0 524,9 525,0 525,0 (0,2/0,7 s)

	Time 
		pcrad_it: 0,7s
		pcsco_it: 0,8s
		pcsco: 1,2s
		pcrad: 3,7s
		pcsc_it: 3,7s

	Optimal radius: 525,0

 p = 3
	Relax PCSC: 358,8 402,8 435,3 456,5 465,0 465,0 (0,6/2,6 s)
	Relax PCSCO: 358,8 402,8 435,3 456,5 465,0 465,0 (0,1/1,3 s)
	Relax PCRad: 222,9 289,6 339,0 376,6 404,1 424,9 439,5 450,3 457,8 462,2 464,6 465,0 465,0 (0,2/0,7 s)

	Time 
		pcrad_it: 0,8s
		pcsco_it: 1,4s
		pcsc_it: 2,8s
		pcsco: 3,2s
		pcrad: 5,0s

	Optimal radius: 465,0

 p = 4
	Relax PCSC: 294,1 312,7 323,3 329,5 330,0 330,0 (0,7/3,2 s)
	Relax PCSCO: 294,1 312,7 323,3 329,5 330,0 330,0 (0,2/0,7 s)
	Relax PCRad: 192,8 235,3 261,6 280,3 295,1 306,6 314,9 320,7 325,0 327,6 329,4 330,0 330,0 (0,3/1,4 s)

	Time 
		pcsco_it: 1,0s
		pcsco: 1,0s
		pcrad_it: 1,5s
		pcsc_it: 4,2s
		pcrad: 6,9s

	Optimal radius: 330,0

 p = 5
	Relax PCSC: 250,2 276,6 289,6 297,5 300,0 300,0 (0,8/3,6 s)
	Relax PCSCO: 250,2 276,6 289,6 297,5 300,0 300,0 (0,2/0,9 s)
	Relax PCRad: 172,4 213,9 238,6 255,9 267,3 276,2 283,2 288,9 292,8 295,8 298,0 299,2 300,0 300,0 (0,3/1,7 s)

	Time 
		pcsco_it: 1,1s
		pcrad_it: 1,9s
		pcsco: 2,3s
		pcsc_it: 4,7s
		pcrad: 7,1s

	Optimal radius: 300,0

 p = 6
	Relax PCSC: 225,1 249,1 261,6 268,0 271,8 272,0 272,0 (0,5/1,9 s)
	Relax PCSCO: 225,1 249,1 261,6 268,0 271,8 272,0 272,0 (0,1/0,5 s)
	Relax PCRad: 168,1 197,8 216,4 227,5 236,5 244,0 250,5 255,2 259,3 262,6 265,2 267,8 269,4 271,0 271,6 272,0 272,0 (0,2/0,7 s)

	Time 
		pcsco: 0,5s
		pcsco_it: 0,6s
		pcrad_it: 0,7s
		pcrad: 1,6s
		pcsc_it: 2,3s

	Optimal radius: 272,0

 p = 7
	Relax PCSC: 196,3 216,6 227,1 234,2 237,6 240,0 241,6 243,2 244,8 245,6 246,4 247,0 247,0 (1,6/5,7 s)
	Relax PCSCO: 196,3 216,6 227,1 234,2 237,6 240,0 241,6 243,2 244,8 245,6 246,4 247,0 247,0 (0,3/2,1 s)
	Relax PCRad: 151,1 174,7 188,8 199,2 207,6 213,9 218,9 223,1 227,2 230,4 232,6 234,4 236,3 238,1 239,9 240,8 241,7 242,6 243,5 244,4 245,3 246,2 247,0 247,0 (0,5/3,2 s)

	Time 
		pcsco_it: 2,4s
		pcsco: 2,5s
		pcrad_it: 3,4s
		pcsc_it: 8,0s
		pcrad: 8,3s

	Optimal radius: 247,0

 p = 8
	Relax PCSC: 191,2 209,0 219,8 225,4 227,0 227,0 (0,6/2,0 s)
	Relax PCSCO: 191,2 209,0 219,8 225,4 227,0 227,0 (0,1/0,5 s)
	Relax PCRad: 135,8 161,8 177,2 187,2 195,2 203,0 207,9 212,0 215,4 218,9 221,4 223,8 225,4 226,7 227,0 227,0 (0,2/0,6 s)

	Time 
		pcsco: 0,4s
		pcsco_it: 0,6s
		pcrad_it: 0,7s
		pcsc_it: 2,6s
		pcrad: 2,8s

	Optimal radius: 227,0

 p = 9
	Relax PCSC: 182,2 198,9 207,3 212,6 215,4 217,3 219,1 220,9 221,5 222,0 222,0 (0,4/1,6 s)
	Relax PCSCO: 182,2 198,9 207,3 212,6 215,4 217,3 219,1 220,9 221,5 222,0 222,0 (0,1/0,4 s)
	Relax PCRad: 144,1 165,2 178,1 187,2 193,9 198,4 202,2 205,5 208,0 209,6 211,3 213,0 213,8 214,7 215,6 216,6 217,5 218,4 219,4 220,3 221,2 222,0 222,0 (0,2/0,6 s)

	Time 
		pcsco: 0,4s
		pcsco_it: 0,4s
		pcrad_it: 0,6s
		pcsc_it: 1,8s
		pcrad: 2,4s

	Optimal radius: 222,0

i = 110 p = 2
	Relax PCSC: 441,7 495,8 516,7 525,0 525,0 (1,0/4,2 s)
	Relax PCSCO: 441,7 495,8 516,7 525,0 525,0 (0,2/0,9 s)
	Relax PCRad: 294,3 383,1 433,4 465,3 485,0 497,5 506,9 513,8 519,0 522,4 524,6 525,0 525,0 (0,3/1,0 s)

	Time 
		pcsco_it: 0,9s
		pcrad_it: 1,1s
		pcsco: 2,7s
		pcsc_it: 4,7s
		pcrad: 4,7s

	Optimal radius: 525,0

 p = 3
	Relax PCSC: 371,5 417,7 445,3 463,0 465,0 465,0 (1,1/4,8 s)
	Relax PCSCO: 371,5 417,7 445,3 463,0 465,0 465,0 (0,2/1,1 s)
	Relax PCRad: 223,0 290,1 340,2 377,6 405,1 425,8 440,4 451,1 458,5 462,8 464,6 465,0 465,0 (0,4/1,4 s)

	Time 
		pcsco_it: 1,3s
		pcrad_it: 1,5s
		pcsco: 4,0s
		pcsc_it: 5,5s
		pcrad: 9,5s

	Optimal radius: 465,0

 p = 4
	Relax PCSC: 295,0 313,3 324,0 329,5 330,0 330,0 (0,8/3,5 s)
	Relax PCSCO: 295,0 313,3 324,0 329,5 330,0 330,0 (0,2/1,1 s)
	Relax PCRad: 191,7 235,3 261,9 280,4 295,2 306,7 314,9 320,8 325,0 328,3 329,8 330,0 330,0 (0,3/2,2 s)

	Time 
		pcsco: 0,7s
		pcsco_it: 1,3s
		pcrad_it: 2,5s
		pcsc_it: 4,6s
		pcrad: 8,6s

	Optimal radius: 330,0

 p = 5
	Relax PCSC: 248,8 275,3 288,8 296,4 300,0 300,0 (0,8/3,6 s)
	Relax PCSCO: 248,8 275,3 288,8 296,4 300,0 300,0 (0,2/1,2 s)
	Relax PCRad: 166,5 210,5 236,9 254,5 266,7 275,5 282,2 287,8 291,8 294,9 297,2 299,2 300,0 300,0 (0,3/2,2 s)

	Time 
		pcsco_it: 1,4s
		pcsco: 2,0s
		pcrad_it: 2,5s
		pcsc_it: 4,6s
		pcrad: 7,9s

	Optimal radius: 300,0

 p = 6
	Relax PCSC: 223,0 249,0 261,0 267,1 271,8 272,0 272,0 (0,7/3,1 s)
	Relax PCSCO: 223,0 249,0 261,0 267,1 271,8 272,0 272,0 (0,2/1,3 s)
	Relax PCRad: 164,4 196,0 217,5 230,1 239,6 246,4 251,8 255,7 259,1 262,5 265,1 267,7 269,4 271,0 271,6 272,0 272,0 (0,3/1,8 s)

	Time 
		pcsco: 1,4s
		pcsco_it: 1,4s
		pcrad_it: 1,9s
		pcsc_it: 3,9s
		pcrad: 5,7s

	Optimal radius: 272,0

 p = 7
	Relax PCSC: 201,1 222,0 232,7 238,8 242,9 245,5 247,0 247,0 (1,1/4,3 s)
	Relax PCSCO: 201,1 222,0 232,7 238,8 242,9 245,5 247,0 247,0 (0,2/1,8 s)
	Relax PCRad: 154,0 176,6 191,6 203,0 211,4 218,5 224,1 228,9 232,3 235,7 238,2 240,7 242,3 243,8 244,7 245,6 246,4 247,0 247,0 (0,5/3,7 s)

	Time 
		pcsco_it: 2,1s
		pcsco: 2,6s
		pcrad_it: 4,0s
		pcsc_it: 5,4s
		pcrad: 13,0s

	Optimal radius: 247,0

 p = 8
	Relax PCSC: 190,9 212,1 220,2 223,0 224,0 224,0 (0,6/2,1 s)
	Relax PCSCO: 190,9 212,1 220,2 223,0 224,0 224,0 (0,1/0,6 s)
	Relax PCRad: 134,5 162,3 179,7 191,1 199,5 205,1 210,0 214,0 217,1 219,4 221,1 222,7 223,5 224,0 224,0 (0,3/0,8 s)

	Time 
		pcsco_it: 0,8s
		pcsco: 0,9s
		pcrad_it: 0,9s
		pcsc_it: 2,8s
		pcrad: 3,9s

	Optimal radius: 224,0

 p = 9
	Relax PCSC: 179,4 196,3 204,7 209,7 213,0 215,0 216,6 218,3 219,8 220,6 221,3 222,0 222,0 (0,7/2,8 s)
	Relax PCSCO: 179,4 196,3 204,7 209,7 213,0 215,0 216,6 218,3 219,8 220,6 221,3 222,0 222,0 (0,2/0,7 s)
	Relax PCRad: 137,8 159,2 172,5 181,5 188,3 193,7 197,6 200,9 203,5 206,1 208,5 210,3 212,0 213,9 214,8 215,7 216,7 217,6 218,5 219,4 220,3 221,2 222,0 222,0 (0,3/0,9 s)

	Time 
		pcsco: 0,3s
		pcsco_it: 0,8s
		pcrad_it: 1,0s
		pcsc_it: 3,2s
		pcrad: 5,9s

	Optimal radius: 222,0


i = 120 p = 2
	Relax PCSC: 441,0 494,5 513,5 520,0 523,0 524,5 525,0 525,0 (1,3/6,2 s)
	Relax PCSCO: 441,0 494,5 513,5 520,0 523,0 524,5 525,0 525,0 (0,3/1,4 s)
	Relax PCRad: 292,8 380,9 431,1 463,8 483,5 494,8 502,8 509,0 514,6 518,4 521,4 523,4 524,6 525,0 525,0 (0,4/1,4 s)

	Time 
		pcrad_it: 1,5s
		pcsco_it: 1,5s
		pcsco: 3,3s
		pcsc_it: 6,7s

	Optimal radius: 525,0

 p = 3
	Relax PCSC: 372,4 418,0 446,0 462,2 465,0 465,0 (1,3/6,1 s)
	Relax PCSCO: 372,4 418,0 445,3 462,2 465,0 465,0 (0,3/1,8 s)
	Relax PCRad: 222,1 289,1 339,2 376,5 404,0 424,7 439,3 450,0 457,6 462,0 464,1 465,0 465,0 (0,5/2,1 s)

	Time 
		pcsco_it: 2,0s
		pcrad_it: 2,3s
		pcsco: 5,9s
		pcsc_it: 7,1s

	Optimal radius: 465,0

 p = 4
	Relax PCSC: 296,0 320,0 332,0 335,0 335,0 (0,8/3,8 s)
	Relax PCSCO: 296,0 320,0 332,5 335,0 335,0 (0,2/1,1 s)
	Relax PCRad: 184,0 231,1 260,6 280,5 296,2 308,7 317,9 324,7 329,7 332,9 334,5 335,0 335,0 (0,4/2,8 s)

	Time 
		pcsco_it: 1,3s
		pcsco: 2,3s
		pcrad_it: 3,1s
		pcsc_it: 4,9s

	Optimal radius: 335,0

 p = 5
	Relax PCSC: 248,6 277,2 291,3 299,3 300,0 300,0 (0,9/4,3 s)
	Relax PCSCO: 248,6 277,2 291,3 299,3 300,0 300,0 (0,2/1,9 s)
	Relax PCRad: 167,1 208,0 233,0 249,9 261,6 270,9 278,2 284,5 289,2 293,1 296,3 298,5 299,7 300,0 300,0 (0,5/3,9 s)

	Time 
		pcsco: 1,3s
		pcsco_it: 2,3s
		pcrad_it: 4,3s
		pcsc_it: 5,6s

	Optimal radius: 300,0

 p = 6
	Relax PCSC: 221,7 247,6 260,6 267,0 271,0 273,0 273,0 (1,1/4,1 s)
	Relax PCSCO: 221,7 247,6 260,6 267,0 271,0 273,0 273,0 (0,2/1,9 s)
	Relax PCRad: 160,0 193,2 215,2 228,4 237,9 245,2 251,6 256,0 259,2 262,5 265,1 267,7 269,4 271,1 272,6 273,0 273,0 (0,5/4,1 s)

	Time 
		pcsco: 0,7s
		pcsco_it: 2,1s
		pcrad_it: 4,2s
		pcsc_it: 5,2s

	Optimal radius: 273,0

 p = 7
	Relax PCSC: 202,3 223,8 234,3 241,2 245,6 248,0 248,0 (0,9/3,7 s)
	Relax PCSCO: 202,3 223,8 234,3 241,2 245,6 248,0 248,0 (0,2/2,0 s)
	Relax PCRad: 151,6 174,1 190,5 202,5 211,4 218,3 224,1 229,1 233,2 236,5 239,0 240,6 242,4 244,1 245,8 246,7 247,5 248,0 248,0 (0,5/3,8 s)

	Time 
		pcsco: 1,6s
		pcsco_it: 2,3s
		pcrad_it: 4,1s
		pcsc_it: 4,7s

	Optimal radius: 248,0

 p = 8
	Relax PCSC: 191,7 212,7 222,2 227,4 231,5 233,0 233,0 (0,8/3,2 s)
	Relax PCSCO: 191,7 212,7 222,2 227,4 231,5 233,0 233,0 (0,2/1,3 s)
	Relax PCRad: 134,5 161,6 178,7 190,3 199,4 206,1 211,3 214,9 217,4 220,1 222,9 224,8 226,6 228,4 230,2 231,8 232,6 233,0 233,0 (0,4/1,7 s)

	Time 
		pcsco: 0,9s
		pcsco_it: 1,5s
		pcrad_it: 1,8s
		pcsc_it: 4,0s

	Optimal radius: 233,0

 p = 9
	Relax PCSC: 177,9 194,5 203,3 209,2 213,0 215,0 217,4 219,1 220,8 221,4 222,0 222,0 (0,7/3,2 s)
	Relax PCSCO: 177,9 194,5 203,3 209,2 213,0 215,0 217,4 219,1 220,8 221,4 222,0 222,0 (0,2/0,9 s)
	Relax PCRad: 130,3 152,9 166,6 176,2 183,9 189,4 194,2 198,5 201,9 204,4 207,0 208,6 210,3 212,1 213,9 214,8 215,7 216,6 217,6 218,5 219,4 220,3 221,2 222,0 222,0 (0,3/1,4 s)

	Time 
		pcsco: 0,8s
		pcsco_it: 1,0s
		pcrad_it: 1,4s
		pcsc_it: 3,5s

	Optimal radius: 222,0


i = 130 p = 2
	Relax PCSC: 442,8 492,9 510,3 518,5 522,5 524,5 525,0 525,0 (1,5/8,1 s)
	Relax PCSCO: 442,8 492,9 510,3 518,5 522,5 524,5 525,0 525,0 (0,3/1,7 s)
	Relax PCRad: 291,0 380,5 425,9 455,1 474,0 487,3 496,7 503,7 509,3 514,0 517,2 520,4 522,6 524,0 524,6 525,0 525,0 (0,6/2,0 s)

	Time 
		pcsco_it: 1,9s
		pcrad_it: 2,1s
		pcsco: 6,2s
		pcsc_it: 8,6s

	Optimal radius: 525,0

 p = 3
	Relax PCSC: 357,4 402,0 435,0 456,7 465,0 465,0 (0,9/4,4 s)
	Relax PCSCO: 357,4 402,0 435,0 456,7 465,0 465,0 (0,2/1,1 s)
	Relax PCRad: 219,8 286,7 336,9 374,2 402,4 423,1 438,3 449,1 456,8 461,3 464,1 465,0 465,0 (0,4/1,8 s)

	Time 
		pcsco_it: 1,2s
		pcrad_it: 1,9s
		pcsco: 3,6s
		pcsc_it: 4,8s

	Optimal radius: 465,0

 p = 4
	Relax PCSC: 294,9 317,5 329,0 334,5 335,0 335,0 (1,0/4,2 s)
	Relax PCSCO: 294,9 317,5 329,0 334,5 335,0 335,0 (0,3/1,4 s)
	Relax PCRad: 188,2 232,9 261,2 281,3 296,8 308,3 317,5 324,2 329,2 332,5 334,3 335,0 335,0 (0,5/3,3 s)

	Time 
		pcsco_it: 1,7s
		pcsco: 2,5s
		pcrad_it: 3,6s
		pcsc_it: 5,2s

	Optimal radius: 335,0

 p = 5
	Relax PCSC: 247,3 274,8 288,2 294,9 298,7 300,0 300,0 (1,2/5,5 s)
	Relax PCSCO: 247,3 274,8 288,2 294,9 298,7 300,0 300,0 (0,3/2,1 s)
	Relax PCRad: 162,0 204,7 229,9 246,7 258,7 268,0 275,2 281,6 286,3 290,0 292,5 295,0 297,5 299,0 299,6 300,0 300,0 (0,6/4,7 s)

	Time 
		pcsco_it: 2,5s
		pcsco: 2,7s
		pcrad_it: 5,0s
		pcsc_it: 7,0s

	Optimal radius: 300,0

 p = 6
	Relax PCSC: 220,6 247,5 261,4 268,6 272,4 273,0 273,0 (1,3/5,4 s)
	Relax PCSCO: 220,6 247,5 261,4 268,6 272,4 273,0 273,0 (0,3/2,0 s)
	Relax PCRad: 155,6 190,6 213,3 227,1 237,1 245,2 251,6 256,5 260,6 263,8 266,1 268,5 270,2 271,8 272,6 273,0 273,0 (0,6/5,3 s)

	Time 
		pcsco_it: 2,4s
		pcsco: 3,6s
		pcrad_it: 5,6s
		pcsc_it: 7,1s

	Optimal radius: 273,0

 p = 7
	Relax PCSC: 201,1 223,8 234,5 241,3 245,6 248,0 248,0 (1,2/5,0 s)
	Relax PCSCO: 201,1 223,8 234,5 241,3 245,6 248,0 248,0 (0,3/3,0 s)
	Relax PCRad: 143,1 171,4 189,7 201,8 210,5 217,5 223,3 228,2 232,4 235,7 238,2 240,6 242,3 244,1 245,8 246,7 247,5 248,0 248,0 (0,7/5,3 s)

	Time 
		pcsco_it: 3,4s
		pcsco: 3,8s
		pcrad_it: 5,7s
		pcsc_it: 6,6s

	Optimal radius: 248,0

 p = 8
	Relax PCSC: 191,8 212,6 221,4 226,7 230,5 233,0 233,0 (1,0/3,8 s)
	Relax PCSCO: 191,8 212,6 221,4 226,7 230,5 233,0 233,0 (0,2/1,4 s)
	Relax PCRad: 133,3 160,8 177,7 189,3 198,3 204,9 209,2 213,4 216,6 219,2 221,9 223,8 225,6 227,4 229,2 231,0 231,8 232,6 233,0 233,0 (0,5/2,9 s)

	Time 
		pcsco: 1,5s
		pcsco_it: 1,6s
		pcrad_it: 3,2s
		pcsc_it: 4,8s

	Optimal radius: 233,0

 p = 9
	Relax PCSC: 177,1 193,2 201,7 206,8 210,5 213,1 215,6 217,2 218,9 219,7 220,5 221,3 222,0 222,0 (1,6/6,4 s)
	Relax PCSCO: 177,1 193,2 201,7 206,8 210,5 213,1 215,6 217,2 218,9 219,7 220,5 221,3 222,0 222,0 (0,4/3,1 s)
	Relax PCRad: 128,6 151,4 165,2 175,0 182,0 187,5 192,2 196,3 199,8 202,4 205,0 207,5 209,2 211,0 211,9 212,8 213,7 214,6 215,6 216,5 217,4 218,4 219,3 220,2 221,2 222,0 222,0 (0,7/5,4 s)

	Time 
		pcsco: 2,9s
		pcsco_it: 3,3s
		pcrad_it: 5,7s
		pcsc_it: 7,4s

	Optimal radius: 222,0


i = 140 p = 2
	Relax PCSC: 453,4 499,9 516,5 525,0 525,0 (1,3/9,7 s)
	Relax PCSCO: 453,4 499,9 516,5 525,0 525,0 (0,3/3,0 s)
	Relax PCRad: 292,3 381,9 427,9 456,3 474,7 487,4 497,4 505,6 512,2 517,7 521,4 524,0 524,8 525,0 525,0 (0,7/3,0 s)

	Time 
		pcsco_it: 3,2s
		pcrad_it: 3,2s
		pcsco: 9,7s
		pcsc_it: 10,5s

	Optimal radius: 525,0

 p = 3
	Relax PCSC: 370,1 422,5 448,7 459,0 459,0 (1,6/8,9 s)
	Relax PCSCO: 370,1 422,5 448,7 459,0 459,0 (0,3/2,6 s)
	Relax PCRad: 217,5 285,5 336,4 374,5 402,7 423,4 438,6 449,0 455,2 458,5 459,0 459,0 (0,7/2,6 s)

	Time 
		pcrad_it: 2,8s
		pcsco_it: 3,1s
		pcsco: 8,1s
		pcsc_it: 10,4s

	Optimal radius: 459,0

 p = 4
	Relax PCSC: 295,8 318,0 329,0 334,5 335,0 335,0 (1,3/5,8 s)
	Relax PCSCO: 295,8 318,0 329,0 334,5 335,0 335,0 (0,3/1,7 s)
	Relax PCRad: 182,0 228,2 258,2 278,9 294,5 306,7 315,9 322,7 327,8 331,2 333,7 334,8 335,0 335,0 (0,7/3,3 s)

	Time 
		pcsco_it: 2,0s
		pcrad_it: 3,6s
		pcsco: 3,7s
		pcsc_it: 7,5s

	Optimal radius: 335,0

 p = 5
	Relax PCSC: 246,9 274,0 287,7 295,2 300,0 300,0 (1,1/5,3 s)
	Relax PCSCO: 246,9 274,0 287,7 295,2 300,0 300,0 (0,3/2,4 s)
	Relax PCRad: 160,3 203,5 228,2 245,1 257,8 266,9 274,0 279,6 284,3 288,6 291,9 294,4 296,9 298,4 299,7 300,0 300,0 (0,6/5,6 s)

	Time 
		pcsco_it: 2,9s
		pcsco: 4,3s
		pcrad_it: 6,0s
		pcsc_it: 6,8s

	Optimal radius: 300,0

 p = 6
	Relax PCSC: 218,7 245,6 260,0 268,2 272,6 273,0 273,0 (0,8/4,3 s)
	Relax PCSCO: 218,7 245,6 260,0 268,2 272,6 273,0 273,0 (0,2/1,9 s)
	Relax PCRad: 151,6 185,0 206,9 221,3 232,0 240,9 247,5 253,3 258,2 262,2 265,4 267,7 269,4 271,1 272,6 273,0 273,0 (0,5/3,7 s)

	Time 
		pcsco_it: 2,2s
		pcsco: 2,2s
		pcrad_it: 3,9s
		pcsc_it: 5,2s

	Optimal radius: 273,0

 p = 7
	Relax PCSC: 200,1 222,3 233,1 240,4 244,0 246,1 248,1 249,0 249,0 (1,7/7,1 s)
	Relax PCSCO: 200,1 222,3 233,1 240,4 244,0 246,1 248,1 249,0 249,0 (0,4/2,5 s)
	Relax PCRad: 140,2 169,3 187,9 199,9 209,0 215,8 221,3 226,4 230,6 234,0 236,4 238,8 240,4 242,1 243,8 244,7 245,6 246,5 247,4 248,3 249,0 249,0 (1,0/6,7 s)

	Time 
		pcsco_it: 2,9s
		pcsco: 3,3s
		pcrad_it: 7,3s
		pcsc_it: 9,1s

	Optimal radius: 249,0

 p = 8
	Relax PCSC: 191,3 212,8 221,9 226,4 230,2 233,0 233,0 (0,9/3,7 s)
	Relax PCSCO: 191,3 212,8 221,9 226,4 230,2 233,0 233,0 (0,2/1,3 s)
	Relax PCRad: 133,1 161,2 178,8 190,5 199,6 206,4 211,6 215,0 218,2 221,0 222,8 224,7 226,5 228,3 230,1 231,8 232,5 233,0 233,0 (0,5/3,3 s)

	Time 
		pcsco: 1,0s
		pcsco_it: 1,6s
		pcrad_it: 3,5s
		pcsc_it: 4,6s

	Optimal radius: 233,0

 p = 9
	Relax PCSC: 175,4 192,3 200,9 206,0 210,5 213,2 215,6 217,1 218,0 218,0 (0,9/4,3 s)
	Relax PCSCO: 175,4 192,3 200,9 206,0 210,5 213,2 215,6 217,1 218,0 218,0 (0,2/1,8 s)
	Relax PCRad: 126,9 149,7 163,6 173,2 180,9 186,4 191,2 195,3 198,8 201,4 204,0 205,7 207,3 209,1 210,9 211,9 212,8 213,7 214,6 215,5 216,4 217,3 218,0 218,0 (0,5/3,0 s)

	Time 
		pcsco_it: 2,0s
		pcsco: 2,2s
		pcrad_it: 3,1s
		pcsc_it: 5,2s

	Optimal radius: 218,0



i = 150 p = 2
	Relax PCSC: 452,6 499,3 516,4 525,0 525,0 (1,8/12,5 s)
	Relax PCSCO: 452,6 499,3 516,4 525,0 525,0 (0,4/3,5 s)
	Relax PCRad: 287,8 379,6 426,6 455,7 474,0 487,4 497,4 505,6 512,2 517,7 521,4 524,0 524,8 525,0 525,0 (1,0/4,2 s)

	Time 
		pcsco_it: 3,7s
		pcrad_it: 4,4s
		pcsco: 11,1s
		pcsc_it: 13,5s

	Optimal radius: 525,0

 p = 3
	Relax PCSC: 369,5 421,5 448,0 459,0 459,0 (1,6/9,9 s)
	Relax PCSCO: 369,5 421,5 448,0 459,0 459,0 (0,4/2,8 s)
	Relax PCRad: 217,4 284,4 334,6 371,9 399,4 420,1 435,4 446,1 453,4 457,4 458,9 459,0 459,0 (0,8/3,3 s)

	Time 
		pcsco_it: 3,1s
		pcrad_it: 3,8s
		pcsco: 9,3s
		pcsc_it: 11,8s

	Optimal radius: 459,0

 p = 4
	Relax PCSC: 292,7 317,5 329,0 334,5 335,0 335,0 (1,2/5,7 s)
	Relax PCSCO: 292,7 317,5 329,0 334,5 335,0 335,0 (0,3/2,0 s)
	Relax PCRad: 179,6 226,6 256,7 277,4 293,7 306,0 315,2 322,7 327,8 331,2 333,7 334,8 335,0 335,0 (0,6/4,4 s)

	Time 
		pcsco_it: 2,3s
		pcsco: 4,0s
		pcrad_it: 4,7s
		pcsc_it: 7,2s

	Optimal radius: 335,0

 p = 5
	Relax PCSC: 246,3 273,8 287,0 294,4 299,1 300,0 300,0 (2,4/11,0 s)
	Relax PCSCO: 246,3 273,8 287,0 294,4 299,1 300,0 300,0 (0,5/2,9 s)
	Relax PCRad: 160,2 203,5 228,1 244,9 257,1 266,9 273,9 279,5 284,1 287,7 290,2 292,8 294,6 296,4 298,1 299,6 300,0 300,0 (1,1/6,3 s)

	Time 
		pcsco_it: 3,4s
		pcrad_it: 6,8s
		pcsco: 8,7s
		pcsc_it: 13,6s

	Optimal radius: 300,0

 p = 6
	Relax PCSC: 218,3 245,1 259,4 267,5 271,9 273,0 273,0 (1,6/6,8 s)
	Relax PCSCO: 218,3 245,1 259,4 267,5 271,9 273,0 273,0 (0,4/2,7 s)
	Relax PCRad: 150,9 184,2 205,9 220,6 231,1 240,0 247,4 253,1 258,1 262,1 265,4 267,7 269,4 271,1 272,6 273,0 273,0 (0,9/5,3 s)

	Time 
		pcsco_it: 3,1s
		pcrad_it: 5,8s
		pcsco: 6,2s
		pcsc_it: 8,7s

	Optimal radius: 273,0

 p = 7
	Relax PCSC: 199,5 221,5 231,7 238,4 243,1 245,9 247,1 248,8 249,0 249,0 (1,3/5,7 s)
	Relax PCSCO: 199,5 221,5 231,7 238,4 243,1 245,9 247,1 248,8 249,0 249,0 (0,4/3,6 s)
	Relax PCRad: 139,9 168,7 187,2 199,9 208,7 215,5 221,2 226,3 230,6 234,0 236,4 238,8 240,3 242,0 243,7 244,6 245,5 246,4 247,4 248,3 249,0 249,0 (0,7/7,5 s)

	Time 
		pcsco: 3,3s
		pcsco_it: 3,9s
		pcsc_it: 6,7s
		pcrad_it: 7,8s

	Optimal radius: 249,0

 p = 8
	Relax PCSC: 191,2 210,6 220,7 225,8 229,5 232,4 233,0 233,0 (0,9/4,3 s)
	Relax PCSCO: 191,2 210,6 220,7 225,8 229,5 232,4 233,0 233,0 (0,2/1,5 s)
	Relax PCRad: 133,3 160,2 176,2 187,3 194,9 200,8 205,8 210,0 214,0 217,3 220,0 222,8 224,6 226,5 228,3 230,0 230,9 231,7 232,5 233,0 233,0 (0,6/3,0 s)

	Time 
		pcsco_it: 1,8s
		pcsco: 1,9s
		pcrad_it: 3,1s
		pcsc_it: 5,1s

	Optimal radius: 233,0

 p = 9
	Relax PCSC: 174,8 191,8 200,4 206,1 210,5 213,2 215,6 217,2 218,0 218,0 (1,0/5,0 s)
	Relax PCSCO: 174,8 191,8 200,4 206,1 210,5 213,2 215,6 217,2 218,0 218,0 (0,3/2,5 s)
	Relax PCRad: 126,9 149,3 163,5 173,3 180,9 186,4 191,3 195,5 198,9 201,5 204,2 206,8 208,6 210,3 212,0 213,7 214,6 215,5 216,4 217,3 218,0 218,0 (0,6/5,2 s)

	Time 
		pcsco: 1,7s
		pcsco_it: 2,7s
		pcrad_it: 5,4s
		pcsc_it: 5,9s

	Optimal radius: 218,0


i = 160 p = 2
	Relax PCSC: 457,6 505,5 519,8 525,0 525,0 (2,1/16,8 s)
	Relax PCSCO: 457,6 505,5 519,8 525,0 525,0 (0,5/4,5 s)
	Relax PCRad: 288,5 382,8 434,5 468,4 489,8 501,8 509,2 515,2 519,6 522,5 524,4 525,0 525,0 (0,9/4,1 s)

	Time 
		pcrad_it: 4,5s
		pcsco_it: 4,8s
		pcsc_it: 18,5s
		pcsco: 18,9s

	Optimal radius: 525,0

 p = 3
	Relax PCSC: 370,5 421,9 448,0 459,0 459,0 (2,3/15,0 s)
	Relax PCSCO: 370,5 421,9 448,0 459,0 459,0 (0,5/3,2 s)
	Relax PCRad: 217,3 284,4 334,6 371,9 399,4 420,1 435,4 446,1 453,4 457,4 458,9 459,0 459,0 (1,1/4,8 s)

	Time 
		pcsco_it: 3,7s
		pcrad_it: 5,3s
		pcsco: 16,3s
		pcsc_it: 18,4s

	Optimal radius: 459,0

 p = 4
	Relax PCSC: 294,2 317,5 329,0 334,5 335,0 335,0 (1,6/8,2 s)
	Relax PCSCO: 294,2 317,5 329,0 334,5 335,0 335,0 (0,4/2,2 s)
	Relax PCRad: 179,0 226,6 256,8 277,4 293,7 306,0 315,2 322,7 327,8 331,2 333,7 334,8 335,0 335,0 (0,9/4,1 s)

	Time 
		pcsco_it: 2,6s
		pcrad_it: 4,5s
		pcsco: 5,6s
		pcsc_it: 10,5s

	Optimal radius: 335,0

 p = 5
	Relax PCSC: 246,4 274,3 288,2 295,7 299,9 302,7 305,0 306,2 307,7 308,0 308,0 (3,1/13,7 s)
	Relax PCSCO: 246,4 274,3 288,2 295,7 299,9 302,7 305,0 306,2 307,7 308,0 308,0 (0,8/5,2 s)
	Relax PCRad: 160,6 204,3 229,4 246,3 258,9 268,0 275,9 281,4 285,8 288,8 291,3 293,9 295,7 297,5 299,3 301,1 302,8 303,6 304,5 305,4 306,3 307,2 308,0 308,0 (1,7/10,0 s)

	Time 
		pcsco_it: 5,7s
		pcrad_it: 10,8s
		pcsco: 14,4s
		pcsc_it: 16,6s

	Optimal radius: 308,0

 p = 6
	Relax PCSC: 218,5 244,4 258,2 266,7 271,6 273,0 273,0 (1,6/7,7 s)
	Relax PCSCO: 218,5 244,4 258,2 266,7 271,6 273,0 273,0 (0,4/3,3 s)
	Relax PCRad: 149,2 183,8 205,5 219,5 230,2 239,0 245,6 251,4 256,3 260,4 263,7 266,1 268,5 270,2 271,8 272,6 273,0 273,0 (1,0/6,4 s)

	Time 
		pcsco_it: 3,7s
		pcrad_it: 6,9s
		pcsco: 7,9s
		pcsc_it: 9,8s

	Optimal radius: 273,0

 p = 7
	Relax PCSC: 199,4 221,5 231,9 238,6 243,4 246,3 248,1 249,0 249,0 (2,0/8,2 s)
	Relax PCSCO: 199,4 221,5 231,9 238,6 243,4 246,3 248,1 249,0 249,0 (0,5/3,5 s)
	Relax PCRad: 139,9 168,7 187,2 199,9 208,7 215,6 221,2 226,3 230,6 234,0 236,4 238,8 240,4 242,1 243,9 244,7 245,6 246,5 247,4 248,3 249,0 249,0 (1,1/10,0 s)

	Time 
		pcsco_it: 3,9s
		pcsco: 7,3s
		pcsc_it: 10,1s
		pcrad_it: 10,5s

	Optimal radius: 249,0

 p = 8
	Relax PCSC: 188,2 208,2 217,7 225,7 230,8 233,8 234,0 234,0 (0,5/2,8 s)
	Relax PCSCO: 188,2 208,2 217,7 225,7 230,8 233,8 234,0 234,0 (0,2/1,5 s)
	Relax PCRad: 131,1 157,8 174,1 185,6 193,6 200,6 206,7 211,9 216,2 220,4 223,7 226,1 228,4 230,2 231,9 232,8 233,5 234,0 234,0 (0,4/1,5 s)

	Time 
		pcsco: 1,2s
		pcsco_it: 1,6s
		pcrad_it: 1,6s
		pcsc_it: 3,1s

	Optimal radius: 234,0

 p = 9
	Relax PCSC: 174,8 191,9 200,6 206,0 209,6 212,5 214,7 216,2 217,9 218,0 218,0 (2,3/9,7 s)
	Relax PCSCO: 174,8 191,9 200,6 206,0 209,6 212,5 214,7 216,2 217,9 218,0 218,0 (0,6/4,5 s)
	Relax PCRad: 126,3 149,7 163,9 173,4 181,1 187,3 192,1 196,3 199,6 202,2 204,7 206,5 208,3 210,1 211,9 212,8 213,7 214,6 215,5 216,4 217,3 218,0 218,0 (1,2/9,2 s)

	Time 
		pcsco: 4,9s
		pcsco_it: 5,1s
		pcrad_it: 9,8s
		pcsc_it: 11,7s

	Optimal radius: 218,0


i = 170 p = 2
	Relax PCSC: 457,6 505,5 519,8 525,0 525,0 (1,9/17,5 s)
	Relax PCSCO: 457,6 505,5 519,8 525,0 525,0 (0,5/4,4 s)
	Relax PCRad: 288,0 382,4 434,5 468,4 489,8 501,8 509,2 515,2 519,6 522,5 524,4 525,0 525,0 (1,1/4,8 s)

	Time 
		pcsco_it: 4,7s
		pcrad_it: 5,2s
		pcsc_it: 19,3s
		pcsco: 25,5s

	Optimal radius: 525,0

 p = 3
	Relax PCSC: 363,8 418,3 444,4 459,0 459,0 (1,6/11,4 s)
	Relax PCSCO: 363,8 418,3 444,4 459,0 459,0 (0,4/3,0 s)
	Relax PCRad: 213,9 281,2 331,8 369,0 396,6 417,4 432,8 443,6 451,3 456,3 458,6 459,0 459,0 (0,9/4,1 s)

	Time 
		pcsco_it: 3,4s
		pcrad_it: 4,5s
		pcsc_it: 13,2s
		pcsco: 15,6s

	Optimal radius: 459,0

 p = 4
	Relax PCSC: 294,2 317,5 329,0 334,5 335,0 335,0 (2,6/13,1 s)
	Relax PCSCO: 294,2 317,5 329,0 334,5 335,0 335,0 (0,6/3,1 s)
	Relax PCRad: 179,1 226,0 255,5 276,6 292,9 305,2 315,2 322,7 327,8 331,2 333,7 334,8 335,0 335,0 (1,2/5,8 s)

	Time 
		pcsco_it: 3,8s
		pcrad_it: 6,6s
		pcsco: 11,4s
		pcsc_it: 16,9s

	Optimal radius: 335,0

 p = 5
	Relax PCSC: 246,1 274,0 287,8 295,3 300,4 303,8 305,7 307,1 308,0 308,0 (2,5/12,0 s)
	Relax PCSCO: 246,1 274,0 287,8 295,3 300,4 303,8 305,7 307,1 308,0 308,0 (0,7/4,9 s)
	Relax PCRad: 160,0 204,2 229,4 246,1 258,8 267,8 274,9 280,5 285,1 289,3 292,6 295,1 297,7 299,4 301,1 302,8 303,7 304,5 305,5 306,3 307,3 308,0 308,0 (1,5/9,3 s)

	Time 
		pcsco_it: 5,5s
		pcsco: 8,6s
		pcrad_it: 10,0s
		pcsc_it: 14,3s

	Optimal radius: 308,0

 p = 6
	Relax PCSC: 225,2 252,1 264,4 272,1 276,6 278,0 278,0 (1,7/8,1 s)
	Relax PCSCO: 225,2 252,1 264,4 272,1 276,6 278,0 278,0 (0,5/3,6 s)
	Relax PCRad: 148,5 185,1 209,0 226,3 238,4 246,8 253,0 258,0 263,0 267,2 270,4 272,8 274,3 275,8 276,7 277,5 278,0 278,0 (1,1/6,7 s)

	Time 
		pcsco_it: 4,1s
		pcsco: 6,8s
		pcrad_it: 7,4s
		pcsc_it: 10,4s

	Optimal radius: 278,0

 p = 7
	Relax PCSC: 199,4 221,1 231,6 238,4 243,0 245,9 246,0 246,0 (1,2/5,8 s)
	Relax PCSCO: 199,4 221,1 231,6 238,4 243,0 245,9 246,0 246,0 (0,4/3,4 s)
	Relax PCRad: 139,7 168,1 186,1 199,2 208,5 215,2 221,2 226,3 230,6 234,0 236,4 238,8 240,3 242,1 243,8 244,6 245,5 246,0 246,0 (0,8/7,6 s)

	Time 
		pcsco_it: 3,9s
		pcsc_it: 7,2s
		pcsco: 7,3s
		pcrad_it: 8,1s

	Optimal radius: 246,0

 p = 8
	Relax PCSC: 189,5 210,3 221,8 228,9 233,0 235,8 237,9 239,6 240,0 240,0 (1,5/6,3 s)
	Relax PCSCO: 189,5 210,3 221,8 228,9 233,0 235,8 237,9 239,6 240,0 240,0 (0,4/4,0 s)
	Relax PCRad: 132,1 157,7 173,6 185,3 193,8 200,7 206,8 212,0 216,3 220,5 223,7 226,1 228,6 230,4 232,1 233,9 234,8 235,7 236,6 237,5 238,4 239,3 240,0 240,0 (0,9/7,2 s)

	Time 
		pcsco_it: 4,4s
		pcsco: 5,3s
		pcrad_it: 7,4s
		pcsc_it: 7,5s

	Optimal radius: 240,0

 p = 9
	Relax PCSC: 175,3 192,9 201,3 206,9 210,7 213,4 215,4 217,1 218,0 218,0 (1,4/6,2 s)
	Relax PCSCO: 175,3 192,9 201,3 206,9 210,7 213,4 215,4 217,1 218,0 218,0 (0,4/3,8 s)
	Relax PCRad: 125,0 149,2 164,0 173,6 181,1 187,4 192,1 196,3 199,6 202,2 204,8 206,5 208,3 210,1 211,9 212,8 213,7 214,6 215,5 216,4 217,3 218,0 218,0 (0,9/8,0 s)

	Time 
		pcsco_it: 4,1s
		pcsco: 4,4s
		pcsc_it: 7,3s
		pcrad_it: 8,4s

	Optimal radius: 218,0


i = 180 p = 2

... TODO


i = 190 p = 2
	Relax PCSC: 457,5 504,8 517,8 524,4 525,0 525,0 (3,1/25,6 s)
	Relax PCSCO: 457,5 504,8 517,8 524,4 525,0 525,0 (0,8/5,4 s)
	Relax PCRad: 288,4 384,0 433,1 465,3 485,8 498,1 506,6 512,7 517,2 521,0 523,8 524,8 525,0 525,0 (1,6/6,7 s)

	Time 
		pcsco_it: 5,9s
		pcrad_it: 7,1s
		pcsco: 26,5s
		pcsc_it: 28,1s

	Optimal radius: 525,0

 p = 3
	Relax PCSC: 369,6 422,5 448,7 464,0 465,0 465,0 (3,3/26,9 s)
	Relax PCSCO: 369,6 422,5 448,7 464,0 465,0 465,0 (1,0/6,5 s)
	Relax PCRad: 208,4 279,0 331,9 370,4 399,1 420,5 435,7 446,3 453,5 458,4 462,1 464,5 465,0 465,0 (1,8/8,9 s)

	Time 
		pcsco_it: 7,2s
		pcrad_it: 9,8s
		pcsc_it: 31,8s
		pcsco: 97,7s

	Optimal radius: 465,0

 p = 4
	Relax PCSC: 294,0 317,5 329,0 334,5 335,0 335,0 (2,0/10,7 s)
	Relax PCSCO: 294,0 317,5 329,0 334,5 335,0 335,0 (0,6/4,7 s)
	Relax PCRad: 179,7 226,1 256,2 277,6 293,9 306,1 316,0 323,5 328,5 331,9 333,8 334,8 335,0 335,0 (1,3/6,2 s)

	Time 
		pcsco_it: 5,4s
		pcrad_it: 6,9s
		pcsco: 13,6s
		pcsc_it: 13,7s

	Optimal radius: 335,0

 p = 5
	Relax PCSC: 245,9 273,4 286,5 293,7 298,3 301,9 304,3 306,6 307,0 307,0 (4,2/20,0 s)
	Relax PCSCO: 245,9 273,4 286,5 293,7 298,3 301,9 304,3 306,6 307,0 307,0 (1,2/8,5 s)
	Relax PCRad: 160,0 203,3 229,0 245,6 257,0 266,3 273,6 279,1 283,8 286,9 289,4 292,0 294,7 296,5 298,4 300,2 302,0 302,9 303,8 304,7 305,6 306,4 307,0 307,0 (2,5/15,9 s)

	Time 
		pcsco_it: 9,4s
		pcrad_it: 17,1s
		pcsc_it: 24,0s
		pcsco: 47,6s

	Optimal radius: 307,0

 p = 6
	Relax PCSC: 223,8 250,6 262,3 268,0 268,0 (1,9/9,8 s)
	Relax PCSCO: 223,8 250,6 262,3 268,0 268,0 (0,6/4,6 s)
	Relax PCRad: 147,7 184,0 207,3 224,5 236,7 244,8 250,5 255,5 259,5 262,7 265,0 267,2 268,0 268,0 (1,3/8,0 s)

	Time 
		pcsco_it: 5,7s
		pcrad_it: 9,0s
		pcsc_it: 13,2s
		pcsco: 13,4s

	Optimal radius: 268,0

 p = 7
	Relax PCSC: 199,5 221,8 232,6 239,9 244,1 246,0 246,0 (2,4/11,9 s)
	Relax PCSCO: 199,5 221,8 232,6 239,9 244,1 246,0 246,0 (0,7/6,1 s)
	Relax PCRad: 139,6 168,1 186,2 199,5 209,2 216,4 222,2 227,3 231,5 234,8 237,3 239,8 241,4 243,0 244,7 245,5 246,0 246,0 (1,6/13,0 s)

	Time 
		pcsco_it: 7,3s
		pcsco: 12,7s
		pcrad_it: 14,1s
		pcsc_it: 15,1s

	Optimal radius: 246,0

 p = 8
	Relax PCSC: 189,1 209,6 221,0 228,2 232,9 235,7 237,7 239,5 241,2 242,0 242,0 (2,0/8,6 s)
	Relax PCSCO: 189,1 209,6 221,0 228,2 232,9 235,7 237,7 239,5 241,2 242,0 242,0 (0,6/3,9 s)
	Relax PCRad: 131,6 156,8 172,2 183,9 192,1 199,9 206,0 211,2 216,3 220,5 223,8 226,1 228,6 230,4 232,1 233,9 234,9 235,8 236,7 237,7 238,6 239,5 240,4 241,3 242,0 242,0 (1,3/9,8 s)

	Time 
		pcsco_it: 4,4s
		pcsc_it: 10,2s
		pcrad_it: 10,2s
		pcsco: 10,6s

	Optimal radius: 242,0

 p = 9
	Relax PCSC: 174,2 192,2 201,1 206,8 210,5 213,5 215,7 217,2 218,0 218,0 (1,4/6,3 s)
	Relax PCSCO: 174,2 192,2 201,1 206,8 210,5 213,5 215,7 217,2 218,0 218,0 (0,4/4,4 s)
	Relax PCRad: 123,8 147,9 162,6 172,6 180,1 186,3 191,0 195,2 198,6 201,2 203,8 205,6 207,4 209,2 211,0 212,8 213,7 214,6 215,5 216,4 217,3 218,0 218,0 (0,9/9,6 s)

	Time 
		pcsco_it: 4,8s
		pcsco: 5,4s
		pcsc_it: 7,6s
		pcrad_it: 9,9s

	Optimal radius: 218,0
